1536.056082361064 2.8941775604158398e-11
1724.1689829305005 2.5109281678607823e-11
1935.353863794848 2.1625630099871226e-11
2172.3341997114826 1.887658448952078e-11
2438.4491042464488 1.6158921401811406e-11
2731.432553887866 1.3842817851771792e-11
3072.250380856126 1.219238909053508e-11
3448.235050826002 1.0904997664404425e-11
3870.3720753383013 9.61198467706229e-12
4344.291647202835 8.390111179679608e-12
4876.285543389687 7.296843709978117e-12
5473.426425222005 6.3460336803164965e-12
6143.912761549165 5.439017182667104e-12
6896.243634521309 4.741829901829886e-12
7740.374108365839 4.205125805400241e-12
8687.72583154582 3.747386076537002e-12
9751.491859689198 3.2750066841897733e-12
10945.543169802695 2.8586885141544006e-12
12285.950858351185 2.4831620327072384e-12
13790.713293254143 2.1438665717443208e-12
14842.181897611463 1.9902079719570815e-12
