-0.9605043542631271
-0.9222482942601941
-0.8819055400752828
-0.847475086072643
-0.7935688197048736
-0.7553127597019405
-0.7205345233356377
-0.6683671687861834
-0.6272129224193917
-0.5953328724169475
-0.5466433415041235
-0.505489095137332
-0.47534795695320287
-0.42491951422206364
-0.3837652678552721
-0.3536241296711429
-0.3031956869400039
-0.25914325420935347
-0.22737913166146373
-0.1712702436571618
-0.15017144692827133
-0.12582668147185938
-0.09800409237881724
-0.057497675905123335
-0.026211875879806223
0.013490841854330027
0.04856133230774473
0.08792570973334013
0.12805444400215116
0.16871822806121295
0.20307606816374713
0.24325735196552922
0.2810786840138835
0.3193347440168166
0.3567213481105922
0.39729595720461197
0.43103425611094215
0.4745326238014427
0.5113106087588082
0.5488711040344154
0.5871271640373483
0.6253832240402817
0.6668852527707361
0.7004462508642186
0.7397649792005665
0.7816534327795353
0.8152723946002949
0.8497028486029348
0.8966534676974436
0.9393358486924512
0.9677004362743191