,Name,RA,Dec,Redshift,D_L [Mpc],log(LIR),LIR_unc x 1e11,AGNbol,AGNbol_unc,SFR [M$_{\odot}$],un-corr SFR [M$_{\odot}$],Supernova rate [yr$^{-1}$] ,un-corr Supernova rate [yr$^{-1}$] ,Flux(TeV) [GeV cm$^{-2}$ s$^{-1}$],Flux(TeV) no AGN [GeV cm$^{-2}$ s$^{-1}$]
0,NGC0023,00h09m53.32s,+25d55m26.2s,0.01523,65.2,11.11,0.05,0.09,0.04,22.3,24.5,0.13,0.15,3.48e-12,3.83e-12
1,NGC0034a,00h11m06.59s,-12d06m25.5s,0.01962,84.1,11.5,0.08,0.04,0.02,57.74,60.15,0.35,0.36,5.42e-12,5.64e-12
2,MCG-02-01-051a,00h18m50.87s,-10d22m36.6s,0.02722,117.5,11.67,0.09,0.07,0.05,82.41,88.61,0.5,0.53,3.98e-12,4.28e-12
3,ESO350-IG038,00h36m52.20s,-33d33m20.8s,0.0206,89.0,11.28,0.09,0.23,0.09,27.53,35.76,0.17,0.22,2.34e-12,3.04e-12
4,NGC0232a,00h42m45.80s,-23d33m42.0s,0.02217,95.2,11.48,0.3,0.09,0.03,51.55,56.65,0.31,0.35,3.83e-12,4.21e-12
5,NGC0232b,00h42m52.78s,-23d32m28.9s,0.02217,95.2,10.64,0.05,0.47,0.06,4.33,8.16,0.03,0.05,3.2e-13,6.1e-13
6,MCG+12-02-001,00h54m03.48s,+73d05m03.8s,0.0157,69.8,11.49,0.06,0.06,0.04,54.51,57.99,0.33,0.35,7.53e-12,8.01e-12
7,NGC0317B,00h57m40.41s,+43d47m32.9s,0.01811,77.8,11.23,0.04,0.05,0.02,30.47,32.08,0.18,0.19,3.36e-12,3.54e-12
8,IC1623AB,01h07m47.49s,-17d30m27.1s,0.02007,85.5,11.73,0.09,0.12,0.04,89.43,101.63,0.54,0.61,8.16e-12,9.27e-12
9,MCG-03-04-014,01h10m08.98s,-16d51m09.7s,0.03349,144.0,11.62,0.1,0.07,0.04,73.03,78.53,0.44,0.48,2.36e-12,2.54e-12
10,ESO244-G012a,01h18m08.15s,-44d27m46.9s,0.02104,91.5,11.4,0.06,0.06,0.03,44.43,47.26,0.27,0.29,3.56e-12,3.79e-12
11,CGCG436-030,01h20m02.52s,+14d21m42.5s,0.03123,134.0,11.69,0.12,0.09,0.02,83.85,92.15,0.51,0.56,3.13e-12,3.44e-12
12,ESO353-G020,01h34m51.35s,-36d08m14.8s,0.016,68.8,11.16,0.04,0.08,0.04,25.15,27.33,0.15,0.17,3.55e-12,3.85e-12
13,ESO297-G011b,01h36m23.43s,-37d19m19.1s,0.01732,74.6,10.84,0.11,0.11,0.05,11.53,12.96,0.07,0.08,1.4e-12,1.57e-12
14,ESO297-G011a,01h36m24.19s,-37d20m27.2s,0.01732,74.6,10.71,0.08,0.07,0.05,9.05,9.73,0.05,0.06,1.08e-12,1.16e-12
15,IRASF01364-1042,01h38m52.88s,-10d27m11.1s,0.04825,210.0,11.83,0.26,0.05,0.03,121.87,128.28,0.73,0.77,1.84e-12,1.94e-12
16,IRASF01417+1651,01h44m30.49s,+17d06m08.9s,0.02794,119.0,11.61,0.03,0.0,0.0,76.6,76.6,0.47,0.47,3.63e-12,3.63e-12
17,NGC0695,01h51m14.30s,+22d34m55.6s,0.03247,139.0,11.7,0.12,0.09,0.05,85.26,93.69,0.52,0.57,2.98e-12,3.27e-12
18,UGC01385,01h54m53.80s,+36d55m04.6s,0.01875,79.8,11.09,0.06,0.08,0.04,21.2,23.05,0.13,0.14,2.24e-12,2.44e-12
19,NGC0838c,02h09m24.64s,-10d08m08.7s,0.01285,53.8,10.71,0.05,0.17,0.07,8.12,9.79,0.05,0.06,1.86e-12,2.24e-12
20,NGC0838a,02h09m38.56s,-10d08m46.5s,0.01285,53.8,11.06,0.07,0.05,0.03,20.44,21.52,0.12,0.13,4.76e-12,5.01e-12
21,NGC0838b,02h09m42.80s,-10d11m01.1s,0.01285,53.8,11.05,0.06,0.09,0.04,19.12,21.01,0.12,0.13,4.45e-12,4.89e-12
22,NGC0828,02h10m09.46s,+39d11m24.7s,0.01793,76.3,11.34,0.05,0.12,0.08,36.22,41.16,0.22,0.25,4.17e-12,4.74e-12
23,IC0214,02h14m05.44s,+05d10m25.6s,0.03022,129.0,11.4,0.15,0.08,0.05,43.93,47.75,0.26,0.29,1.75e-12,1.91e-12
24,NGC0877b,02h17m53.31s,+14d31m16.9s,0.01305,54.6,10.12,0.04,0.1,0.03,2.24,2.49,0.01,0.02,5e-13,5.6e-13
25,NGC0877a,02h17m59.72s,+14d32m34.7s,0.01305,54.6,10.8,0.03,0.14,0.05,10.35,12.03,0.06,0.07,2.3e-12,2.67e-12
26,MCG+05-06-36b,02h23m18.78s,+32d11m19.4s,0.03371,145.0,11.02,0.09,0.12,0.05,17.22,19.57,0.11,0.12,5.5e-13,6.3e-13
27,MCG+05-06-36a,02h23m21.91s,+32d11m49.0s,0.03371,145.0,11.5,0.23,0.13,0.04,52.0,59.77,0.31,0.36,1.65e-12,1.9e-12
28,UGC01845,02h24m07.90s,+47d58m09.9s,0.01561,67.0,11.15,0.04,0.07,0.03,24.79,26.65,0.15,0.16,3.69e-12,3.97e-12
29,NGC0958,02h30m43.38s,-02d56m01.8s,0.01914,80.6,10.88,0.04,0.2,0.07,11.36,14.21,0.07,0.09,1.18e-12,1.47e-12
30,NGC0992,02h37m25.49s,+21d06m04.3s,0.01381,58.0,11.06,0.04,0.08,0.05,19.88,21.61,0.12,0.13,3.96e-12,4.31e-12
31,NGC1068,02h42m40.79s,-00d00m47.9s,0.00379,15.9,11.39,0.0,1.0,0.0,0.0,46.64,0.0,0.28,0.0,1.2257e-10
32,UGC02238,02h46m17.39s,+13d05m45.0s,0.02188,92.4,11.37,0.08,0.1,0.06,39.92,44.35,0.24,0.27,3.12e-12,3.47e-12
33,IRASF02437+2122,02h46m39.15s,+21d35m10.1s,0.02331,98.8,11.26,0.02,0.14,0.04,29.84,34.7,0.18,0.21,2.02e-12,2.35e-12
34,UGC02369a,02h54m01.92s,+14d58m11.7s,0.03188,136.0,11.69,0.17,0.09,0.05,84.09,92.41,0.51,0.56,3.04e-12,3.34e-12
35,UGC02608,03h15m01.20s,+42d02m09.6s,0.02334,100.0,11.41,0.09,0.5,0.09,24.54,49.08,0.15,0.29,1.62e-12,3.24e-12
36,NGC1275,03h19m48.14s,+41d30m40.3s,0.01756,75.0,10.96,0.08,0.44,0.18,9.7,17.32,0.06,0.1,1.15e-12,2.05e-12
37,IRASF03217+4022,03h25m05.37s,+40d33m32.0s,0.02337,100.0,11.37,0.08,0.06,0.01,41.16,43.79,0.25,0.27,2.78e-12,2.96e-12
38,NGC1365,03h33m36.90s,-36d08m15.0s,0.00546,17.9,10.95,0.02,0.38,0.03,10.42,16.81,0.06,0.1,2.177e-11,3.511e-11
39,IRASF03359+1523,03h38m46.68s,+15d32m54.3s,0.0354,152.0,11.52,0.09,0.0,0.0,62.98,62.98,0.38,0.38,1.81e-12,1.81e-12
40,CGCG465-012b,03h54m07.67s,+15d59m24.3s,0.02222,94.3,10.75,0.09,0.13,0.09,9.25,10.64,0.06,0.06,6.9e-13,8e-13
41,CGCG465-012a,03h54m15.98s,+15d55m43.9s,0.02222,94.3,11.15,0.06,0.08,0.05,24.82,26.97,0.15,0.16,1.84e-12,2.01e-12
42,IRAS03582+6012,04h02m32.54s,+60d20m40.7s,0.03001,131.0,11.38,0.13,0.44,0.21,25.24,45.07,0.15,0.27,9.9e-13,1.76e-12
43,UGC02982,04h12m22.53s,+05d32m50.3s,0.0177,74.9,11.21,0.08,0.11,0.08,27.45,30.85,0.17,0.19,3.25e-12,3.65e-12
44,ESO420-G013,04h13m49.75s,-32d00m25.3s,0.01191,51.0,11.11,0.0,0.25,0.04,18.42,24.56,0.11,0.15,4.69e-12,6.25e-12
47,NGC1572,04h22m42.82s,-40d36m03.0s,0.02038,88.6,11.31,0.08,0.1,0.04,34.65,38.5,0.21,0.23,2.95e-12,3.28e-12
48,IRAS04271+3849,04h30m33.07s,+38d55m48.9s,0.01881,80.8,11.16,0.06,0.06,0.02,25.52,27.14,0.16,0.17,2.63e-12,2.79e-12
49,NGC1614,04h33m59.88s,-08d34m43.7s,0.01594,67.8,11.67,0.05,0.12,0.08,77.73,88.33,0.47,0.53,1.13e-11,1.284e-11
50,UGC03094,04h35m33.78s,+19d10m17.3s,0.02471,106.0,11.38,0.13,0.19,0.06,36.52,45.09,0.22,0.27,2.18e-12,2.69e-12
51,ESO203-IG001,04h46m49.56s,-48d33m31.0s,0.05291,235.0,11.88,0.09,0.37,0.26,91.04,144.51,0.55,0.87,1.09e-12,1.73e-12
52,MCG-05-12-006,04h52m04.98s,-32d59m25.6s,0.01875,81.3,11.1,0.05,0.08,0.03,22.07,23.99,0.13,0.14,2.21e-12,2.4e-12
53,NGC1797,05h07m44.79s,-08d01m08.5s,0.01481,63.4,11.01,0.03,0.06,0.03,18.22,19.38,0.11,0.12,3.02e-12,3.21e-12
54,CGCG468-002b,05h08m19.65s,+17d21m48.0s,0.01819,77.9,10.51,0.02,0.49,0.04,3.14,6.16,0.02,0.04,3.4e-13,6.7e-13
55,CGCG468-002a,05h08m21.16s,+17d22m08.1s,0.01819,77.9,11.17,0.02,0.03,0.02,26.99,27.83,0.16,0.17,2.98e-12,3.08e-12
56,IRAS05083+2441,05h11m25.78s,+24d45m19.1s,0.02307,99.2,11.21,0.04,0.06,0.02,28.8,30.64,0.17,0.19,1.96e-12,2.08e-12
57,IRASF05081+7936,05h16m45.90s,+79d40m13.2s,0.05367,240.0,12.03,0.17,0.08,0.03,184.96,201.05,1.13,1.23,2.16e-12,2.35e-12
58,IRAS05129+5128,05h16m55.93s,+51d31m57.3s,0.02743,120.0,11.38,0.07,0.06,0.01,42.44,45.15,0.26,0.27,1.98e-12,2.1e-12
59,IRASF05189-2524,05h21m01.37s,-25d21m45.2s,0.04256,187.0,12.15,0.26,0.6,0.07,106.96,267.41,0.65,1.62,2.04e-12,5.1e-12
60,IRASF05187-1017,05h21m06.51s,-10d14m46.1s,0.02827,122.0,11.34,0.03,0.04,0.02,39.81,41.46,0.24,0.25,1.78e-12,1.86e-12
61,IRAS05223+1908,05h25m16.63s,+19d10m48.5s,0.02958,128.0,11.54,0.14,0.92,0.0,5.2,65.04,0.03,0.4,2.1e-13,2.67e-12
62,MCG+08-11-002,05h40m43.67s,+49d41m42.8s,0.01916,83.7,11.58,0.06,0.04,0.01,68.66,71.52,0.42,0.43,6.58e-12,6.85e-12
63,NGC1961,05h42m04.63s,+69d22m47.6s,0.01312,59.0,10.63,0.18,0.25,0.09,6.06,8.08,0.04,0.05,1.16e-12,1.55e-12
64,UGC03351,05h45m47.96s,+58d42m03.6s,0.01486,65.8,11.35,0.06,0.09,0.04,38.2,41.97,0.23,0.26,5.94e-12,6.53e-12
65,IRAS05442+1732,05h47m11.15s,+17d33m46.8s,0.01862,80.5,11.27,0.04,0.06,0.03,32.87,34.97,0.2,0.21,3.41e-12,3.63e-12
66,IRASF06076-2139a,06h09m45.76s,-21d40m23.5s,0.03745,165.0,11.68,0.12,0.11,0.01,80.36,90.29,0.49,0.55,1.98e-12,2.22e-12
67,UGC03410b,06h13m58.38s,+80d28m35.2s,0.01308,59.7,10.28,0.04,0.16,0.12,3.0,3.57,0.02,0.02,5.7e-13,6.7e-13
68,UGC03410a,06h14m29.72s,+80d26m59.9s,0.01308,59.7,10.96,0.15,0.11,0.07,15.48,17.4,0.09,0.1,2.87e-12,3.23e-12
69,NGC2146,06h18m39.14s,+78d21m21.0s,0.00298,17.5,11.14,0.01,0.01,0.0,25.96,26.22,0.16,0.16,5.633e-11,5.69e-11
70,ESO255-IG007a,06h27m21.59s,-47d10m37.0s,0.03879,173.0,11.78,0.06,0.05,0.02,108.55,114.27,0.65,0.69,2.41e-12,2.54e-12
71,ESO255-IG007b,06h27m23.04s,-47d11m00.5s,0.03879,173.0,10.7,0.05,0.07,0.04,8.77,9.43,0.05,0.06,2e-13,2.1e-13
72,ESO557-G002b,06h31m45.65s,-17d38m46.7s,0.0213,93.6,10.49,0.03,0.09,0.05,5.29,5.82,0.03,0.04,4.1e-13,4.5e-13
73,ESO557-G002a,06h31m47.17s,-17d37m17.4s,0.0213,93.6,11.21,0.07,0.02,0.01,30.1,30.72,0.18,0.19,2.29e-12,2.34e-12
74,UGC03608,06h57m34.50s,+46d24m10.7s,0.02135,94.3,11.37,0.08,0.06,0.03,41.36,43.99,0.25,0.27,3.13e-12,3.33e-12
75,IRASF06592-6313,06h59m40.22s,-63d17m53.2s,0.02296,104.0,11.29,0.04,0.09,0.04,33.35,36.65,0.2,0.22,2.07e-12,2.28e-12
76,IRASF07027-6011a,07h03m24.22s,-60d15m21.3s,0.03132,141.0,11.21,0.04,0.51,0.1,15.05,30.72,0.09,0.19,5e-13,1.03e-12
77,IRASF07027-6011b,07h03m28.51s,-60d16m42.8s,0.03132,141.0,11.48,0.15,0.06,0.04,53.06,56.44,0.32,0.35,1.8e-12,1.92e-12
79,NGC2342a,07h09m18.12s,+20d38m10.4s,0.0176,78.0,11.27,0.32,0.06,0.03,33.22,35.34,0.2,0.21,3.63e-12,3.86e-12
80,NGC2369,07h16m37.65s,-62d20m36.5s,0.01081,47.6,11.2,0.02,0.1,0.06,27.18,30.21,0.16,0.18,7.95e-12,8.83e-12
81,IRAS07251-0248,07h27m37.70s,-02d54m53.7s,0.08756,400.0,12.35,0.24,0.14,0.08,365.6,425.12,2.2,2.56,1.52e-12,1.77e-12
82,NGC2388a,07h28m53.46s,+33d49m07.3s,0.01379,62.1,11.33,0.24,0.03,0.01,39.07,40.27,0.24,0.24,6.79e-12,7e-12
84,MCG+02-20-003,07h35m43.45s,+11d42m34.7s,0.01625,72.8,11.1,0.02,0.14,0.08,20.44,23.76,0.12,0.14,2.58e-12,3e-12
85,IRAS08355-4944,08h37m01.86s,-49d54m29.6s,0.0259,118.0,11.66,0.14,0.18,0.06,70.7,86.21,0.43,0.52,3.4e-12,4.14e-12
86,NGC2623,08h38m24.20s,+25d45m17.1s,0.01851,84.1,11.66,0.04,0.1,0.03,77.03,85.59,0.47,0.52,7.34e-12,8.16e-12
87,ESO432-IG006b,08h44m27.08s,-31d41m51.7s,0.01616,74.4,10.87,0.03,0.09,0.05,12.81,14.07,0.08,0.08,1.54e-12,1.69e-12
88,ESO432-IG006a,08h44m28.79s,-31d41m31.7s,0.01616,74.4,10.84,0.02,0.12,0.04,11.45,13.02,0.07,0.08,1.39e-12,1.58e-12
89,ESO60-IG016,08h52m32.14s,-69d01m55.3s,0.04632,210.0,11.82,0.14,0.23,0.06,95.82,124.45,0.58,0.76,1.46e-12,1.89e-12
90,IRASF08572+3915,09h00m25.45s,+39d03m54.1s,0.05835,264.0,12.05,0.38,0.47,0.09,111.9,211.13,0.68,1.28,1.08e-12,2.03e-12
91,IRAS09022-3615,09h04m12.76s,-36d27m01.6s,0.05964,271.0,12.37,0.7,0.19,0.06,358.27,442.31,2.17,2.68,3.26e-12,4.03e-12
93,UGC04881b,09h15m54.28s,+44d19m49.8s,0.03953,178.0,11.01,0.05,0.05,0.01,18.3,19.27,0.11,0.12,3.9e-13,4.1e-13
94,UGC04881a,09h15m55.69s,+44d19m57.3s,0.03953,178.0,11.57,0.06,0.05,0.03,66.58,70.08,0.4,0.42,1.41e-12,1.48e-12
95,UGC05101,09h35m51.74s,+61d21m10.8s,0.03937,177.0,12.02,0.06,0.25,0.05,149.51,199.35,0.9,1.2,3.16e-12,4.22e-12
96,MCG+08-18-013,09h36m37.14s,+48d28m28.4s,0.02594,117.0,11.38,0.07,0.2,0.0,36.31,45.39,0.22,0.27,1.77e-12,2.21e-12
97,IC0563,09h46m20.26s,+03d02m45.1s,0.02,92.9,10.94,0.08,0.09,0.06,14.89,16.36,0.09,0.1,1.16e-12,1.27e-12
98,IRASF09437+0317,09h46m21.07s,+03d04m17.1s,0.02,92.9,10.84,0.1,0.14,0.09,11.11,12.92,0.07,0.08,8.7e-13,1.01e-12
99,NGC3110a,10h04m02.15s,-06d28m32.0s,0.01686,79.5,11.34,0.06,0.1,0.06,37.23,41.37,0.23,0.25,3.93e-12,4.37e-12
100,IC2545,10h06m04.65s,-33d53m10.5s,0.0341,156.0,11.8,0.12,0.22,0.15,93.5,119.88,0.56,0.72,2.55e-12,3.27e-12
101,IRASF10173+0828,10h20m00.18s,+08d13m33.7s,0.04909,224.0,11.93,0.05,0.04,0.02,152.95,159.32,0.93,0.97,2.06e-12,2.14e-12
102,NGC3221,10h22m19.81s,+21d34m06.0s,0.01371,65.7,10.93,0.05,0.09,0.08,14.54,15.98,0.09,0.1,2.27e-12,2.49e-12
103,NGC3256,10h27m51.40s,-43d54m15.2s,0.00935,38.9,11.64,0.02,0.05,0.02,78.24,82.36,0.47,0.5,3.459e-11,3.641e-11
104,ESO264-G036,10h43m07.67s,-46d12m45.7s,0.02101,100.0,11.26,0.24,0.14,0.06,29.36,34.13,0.18,0.21,1.98e-12,2.3e-12
105,ESO264-G057,10h59m01.96s,-43d26m26.5s,0.0172,83.3,11.2,0.09,0.07,0.03,27.9,30.0,0.17,0.18,2.68e-12,2.88e-12
106,IRASF10565+2448,10h59m18.21s,+24d32m33.3s,0.0431,197.0,12.14,0.06,0.04,0.01,252.3,262.82,1.52,1.58,4.31e-12,4.49e-12
107,MCG+07-23-019,11h03m53.96s,+40d51m01.0s,0.03452,158.0,11.72,0.18,0.03,0.02,97.24,100.25,0.58,0.6,2.57e-12,2.65e-12
108,CGCG011-076,11h21m12.25s,-02d59m01.1s,0.0249,117.0,11.31,0.09,0.18,0.09,31.43,38.33,0.19,0.23,1.54e-12,1.88e-12
109,IC2810a,11h25m44.99s,+14d40m35.9s,0.034,157.0,11.52,0.09,0.05,0.01,59.22,62.34,0.36,0.38,1.61e-12,1.7e-12
111,ESO319-G022,11h27m54.04s,-41d36m51.7s,0.01635,80.0,11.08,0.04,0.04,0.02,21.85,22.76,0.13,0.14,2.28e-12,2.37e-12
112,NGC3690W,11h28m30.58s,+58d33m44.7s,0.01032,50.7,11.09,0.01,0.27,0.07,16.85,23.08,0.1,0.14,4.41e-12,6.04e-12
113,NGC3690E,11h28m33.05s,+58d33m47.7s,0.01032,50.7,11.37,0.01,0.04,0.02,42.67,44.45,0.26,0.27,1.105e-11,1.151e-11
114,ESO320-G030,11h53m11.63s,-39d07m50.5s,0.01078,41.2,11.18,0.01,0.03,0.02,28.0,28.86,0.17,0.17,1.092e-11,1.126e-11
115,ESO440-IG058a,12h06m51.95s,-31d56m58.5s,0.0232,112.0,11.42,0.05,0.06,0.03,46.93,49.93,0.28,0.3,2.49e-12,2.65e-12
116,IRASF12112+0305,12h13m45.85s,+02d48m39.4s,0.07332,340.0,12.33,0.29,0.06,0.03,375.85,399.85,2.3,2.44,2.19e-12,2.33e-12
117,ESO267-G030b,12h13m52.31s,-47d16m26.3s,0.01849,97.1,11.18,0.09,0.06,0.03,26.58,28.28,0.16,0.17,1.9e-12,2.03e-12
118,NGC4194,12h14m09.69s,+54d31m35.6s,0.00834,43.0,11.1,0.02,0.09,0.02,21.73,23.88,0.13,0.14,7.82e-12,8.59e-12
119,ESO267-G030a,12h14m12.91s,-47d13m43.3s,0.01849,97.1,11.31,0.14,0.18,0.07,31.82,38.8,0.19,0.23,2.24e-12,2.73e-12
120,IRAS12116-5615,12h14m22.21s,-56d32m33.9s,0.0271,128.0,11.72,0.06,0.1,0.03,89.22,99.13,0.54,0.6,3.64e-12,4.04e-12
121,IRASF12224-0624,12h25m03.94s,-06d40m52.5s,0.02636,125.0,11.43,0.03,0.2,0.1,40.39,50.49,0.25,0.31,1.74e-12,2.17e-12
122,NGC4418,12h26m54.57s,-00d52m37.7s,0.00727,36.5,11.06,0.01,0.48,0.22,11.39,21.91,0.07,0.13,5.66e-12,1.088e-11
123,Mrk231,12h56m14.24s,+56d52m25.0s,0.04217,192.0,12.5,0.27,0.53,0.12,283.68,603.57,1.7,3.62,5.09e-12,1.083e-11
124,NGC4922,13h01m25.32s,+29d18m51.0s,0.02359,111.0,11.39,0.03,0.17,0.05,38.35,46.21,0.23,0.28,2.09e-12,2.51e-12
125,CGCG043-099,13h01m50.28s,+04d20m00.8s,0.03748,175.0,11.7,0.14,0.05,0.01,89.82,94.54,0.54,0.57,1.96e-12,2.07e-12
126,MCG-02-33-098a,13h02m19.81s,-15d46m02.5s,0.01592,78.7,10.94,0.01,0.11,0.06,14.63,16.43,0.09,0.1,1.58e-12,1.78e-12
127,MCG-02-33-098b,13h02m20.53s,-15d46m02.8s,0.01592,78.7,10.47,0.01,0.04,0.02,5.39,5.61,0.03,0.03,5.8e-13,6e-13
128,ESO507-G070,13h02m52.30s,-23d55m17.4s,0.0217,106.0,11.63,0.02,0.03,0.01,78.66,81.09,0.47,0.49,4.65e-12,4.79e-12
129,IRAS13052-5711,13h08m18.47s,-57d27m30.1s,0.02123,106.0,11.38,0.08,0.02,0.02,44.17,45.07,0.27,0.27,2.64e-12,2.69e-12
130,IC0860,13h15m03.50s,+24d37m08.1s,0.01116,56.8,11.16,0.01,0.06,0.03,25.62,27.26,0.16,0.17,5.32e-12,5.66e-12
131,IRAS13120-5453,13h15m06.30s,-55d09m22.2s,0.03076,144.0,12.35,0.18,0.04,0.02,404.91,421.78,2.46,2.56,1.308e-11,1.363e-11
132,VV250b,13h15m30.72s,+62d07m45.6s,0.03107,142.0,10.92,0.04,0.05,0.03,14.86,15.64,0.09,0.1,4.9e-13,5.2e-13
133,VV250a,13h15m34.89s,+62d07m28.4s,0.03107,142.0,11.75,0.05,0.05,0.03,100.24,105.52,0.61,0.64,3.34e-12,3.52e-12
134,UGC08387,13h20m35.33s,+34d08m23.2s,0.0233,110.0,11.8,0.12,0.03,0.01,115.77,119.35,0.7,0.72,6.38e-12,6.58e-12
135,NGC5104,13h21m23.12s,+00d20m33.8s,0.01861,90.8,11.29,0.08,0.1,0.04,33.32,37.02,0.2,0.22,2.69e-12,2.99e-12
136,MCG-03-34-064,13h22m24.44s,-16d43m42.2s,0.01654,82.2,11.15,0.21,0.88,0.04,3.21,26.75,0.02,0.16,3.2e-13,2.64e-12
137,NGC5135,13h25m43.96s,-29d50m00.5s,0.01369,60.9,11.34,0.03,0.24,0.06,31.67,41.67,0.19,0.25,5.66e-12,7.45e-12
138,ESO173-G015,13h27m23.86s,-57d29m22.1s,0.00973,34.0,11.41,0.02,0.03,0.02,46.56,48.0,0.29,0.29,2.723e-11,2.807e-11
139,IC4280,13h32m53.35s,-24d12m25.3s,0.01631,82.4,11.15,0.06,0.12,0.07,23.39,26.58,0.14,0.16,2.31e-12,2.63e-12
140,NGC5256,13h38m17.37s,+48d16m35.0s,0.02782,129.0,11.5,0.06,0.23,0.07,46.15,59.94,0.28,0.36,1.85e-12,2.4e-12
141,NGC5257a,13h39m52.74s,+00d50m19.1s,0.02261,108.5,11.42,0.67,0.07,0.04,46.7,50.21,0.28,0.3,2.62e-12,2.82e-12
142,NGC5257b,13h39m57.11s,+00d49m42.8s,0.02261,108.5,11.4,0.66,0.11,0.05,42.37,47.6,0.26,0.29,2.4e-12,2.69e-12
143,Mrk273,13h44m42.29s,+55d53m12.7s,0.03778,173.0,12.21,0.22,0.31,0.08,212.21,307.55,1.28,1.85,4.72e-12,6.84e-12
144,UGC08739,13h49m13.52s,+35d15m24.5s,0.01679,81.4,11.16,0.08,0.1,0.04,24.43,27.14,0.15,0.17,2.48e-12,2.75e-12
145,ESO221-IG010,13h50m56.94s,-49d03m19.9s,0.01034,62.9,11.22,0.04,0.07,0.04,29.27,31.47,0.18,0.19,4.92e-12,5.3e-12
146,NGC5331a,13h52m16.25s,+02d06m05.0s,0.03304,155.0,11.57,0.06,0.07,0.04,65.07,69.97,0.4,0.42,1.82e-12,1.95e-12
147,NGC5331b,13h52m16.48s,+02d06m30.2s,0.03304,155.0,10.77,0.03,0.12,0.07,9.79,11.13,0.06,0.07,2.7e-13,3.1e-13
148,NGC5394,13h58m33.66s,+37d27m14.7s,0.01161,58.7,10.97,0.24,0.08,0.04,16.25,17.66,0.1,0.11,3.15e-12,3.42e-12
149,CGCG247-020,14h19m43.31s,+49d14m12.0s,0.02574,120.0,11.4,0.03,0.06,0.03,44.18,47.0,0.27,0.29,2.07e-12,2.2e-12
151,IRASF14348-1447,14h37m38.37s,-15d00m22.6s,0.08273,387.0,12.53,0.74,0.09,0.05,576.46,633.48,3.53,3.87,2.6e-12,2.86e-12
152,IRASF14378-3651,14h40m59.03s,-37d04m32.6s,0.06764,315.0,12.23,0.19,0.05,0.02,306.9,323.06,1.84,1.94,2.05e-12,2.16e-12
153,NGC5734a,14h45m08.97s,-20d52m13.1s,0.01375,67.1,11.03,0.05,0.14,0.07,17.45,20.29,0.11,0.12,2.58e-12,3e-12
154,NGC5734b,14h45m10.91s,-20d54m48.7s,0.01375,67.1,10.83,0.03,0.17,0.07,10.61,12.79,0.06,0.08,1.57e-12,1.9e-12
155,VV340b,14h57m00.31s,+24d36m25.1s,0.03367,157.0,10.91,0.17,0.13,0.08,13.36,15.36,0.08,0.09,3.6e-13,4.2e-13
156,VV340a,14h57m00.73s,+24d37m09.2s,0.03367,157.0,11.59,0.34,0.16,0.05,61.52,73.24,0.37,0.44,1.67e-12,1.99e-12
158,CGCG049-057,15h13m12.88s,+07d13m29.3s,0.013,65.4,11.39,0.03,0.04,0.02,44.85,46.72,0.27,0.28,6.95e-12,7.24e-12
160,ESO099-G004,15h24m57.96s,-63d07m30.2s,0.02928,137.0,11.78,0.1,0.07,0.02,105.18,113.09,0.64,0.69,3.77e-12,4.05e-12
161,IRASF15250+3609,15h26m59.49s,+35d58m37.2s,0.05516,254.0,12.09,0.29,0.18,0.16,189.92,231.61,1.15,1.41,1.97e-12,2.41e-12
162,NGC5936,15h30m00.79s,+12d59m22.1s,0.01336,67.1,11.17,0.05,0.08,0.05,26.0,28.26,0.16,0.17,3.82e-12,4.15e-12
163,Arp220,15h34m57.32s,+23d30m11.9s,0.01813,87.9,12.38,0.05,0.09,0.05,409.5,450.0,2.5,2.74,3.566e-11,3.919e-11
164,NGC5990,15h46m16.42s,+02d24m55.1s,0.01281,64.4,11.21,0.05,0.31,0.07,21.21,30.73,0.13,0.19,3.41e-12,4.94e-12
165,NGC6052,16h05m12.92s,+20d32m36.3s,0.01581,77.6,10.98,0.05,0.1,0.05,16.18,17.98,0.1,0.11,1.8e-12,2e-12
166,NGC6090,16h11m40.83s,+52d27m25.0s,0.02984,137.0,11.54,0.13,0.05,0.03,62.41,65.7,0.38,0.4,2.22e-12,2.33e-12
167,IRASF16164-0746,16h19m11.83s,-07d54m02.5s,0.02715,128.0,11.71,0.09,0.05,0.01,92.15,97.0,0.56,0.59,3.75e-12,3.95e-12
168,CGCG052-037,16h30m56.53s,+04d04m59.1s,0.02449,116.0,11.55,0.12,0.07,0.04,62.95,67.68,0.38,0.41,3.1e-12,3.33e-12
169,NGC6156,16h34m52.51s,-60d37m07.9s,0.01088,48.0,11.05,0.02,0.16,0.05,17.68,21.04,0.11,0.13,5.16e-12,6.15e-12
170,ESO069-IG006,16h38m11.89s,-68d26m07.8s,0.04644,212.0,12.1,0.41,0.06,0.02,221.3,235.43,1.35,1.44,3.32e-12,3.54e-12
171,IRASF16399-0937,16h42m40.24s,-09d43m13.8s,0.02701,128.0,11.56,0.26,0.08,0.0,63.55,69.08,0.38,0.42,2.57e-12,2.8e-12
172,ESO453-G005,16h47m31.12s,-29d21m21.5s,0.02088,100.0,11.45,0.15,0.05,0.03,50.52,53.18,0.31,0.32,3.38e-12,3.56e-12
173,NGC6240,16h52m59.01s,+02d24m04.1s,0.02448,116.0,11.97,0.38,0.11,0.02,156.82,176.21,0.95,1.07,7.79e-12,8.75e-12
174,IRASF16516-0948,16h54m23.85s,-09d53m21.3s,0.02253,107.0,11.26,0.11,0.07,0.04,32.27,34.7,0.19,0.21,1.87e-12,2.01e-12
175,NGC6286b,16h58m24.04s,+58d57m20.0s,0.01835,85.7,10.86,0.18,0.08,0.04,12.46,13.54,0.08,0.08,1.15e-12,1.25e-12
176,NGC6286a,16h58m31.60s,+58d56m11.5s,0.01835,85.7,11.32,0.54,0.11,0.06,35.41,39.78,0.21,0.24,3.2e-12,3.59e-12
177,IRASF17132+5313,17h14m19.89s,+53d10m32.0s,0.05094,232.0,11.9,0.27,0.02,0.0,148.51,151.54,0.89,0.91,1.83e-12,1.86e-12
178,IRASF17138-1017,17h16m35.87s,-10d20m42.1s,0.01734,84.0,11.53,0.06,0.07,0.04,59.19,63.64,0.36,0.39,5.64e-12,6.06e-12
179,IRASF17207-0014,17h23m21.94s,-00d17m01.1s,0.04281,198.0,12.54,0.11,0.05,0.03,623.55,656.37,3.77,3.96,1.061e-11,1.116e-11
180,ESO138-G027,17h26m43.34s,-59d55m55.1s,0.02078,98.3,11.44,0.06,0.07,0.02,48.35,51.99,0.29,0.31,3.35e-12,3.6e-12
181,UGC11041,17h54m51.83s,+34d46m34.4s,0.01628,77.5,11.15,0.07,0.12,0.07,23.44,26.63,0.14,0.16,2.61e-12,2.97e-12
182,CGCG141-034,17h56m56.66s,+24d01m01.2s,0.01983,93.4,11.25,0.11,0.08,0.01,31.02,33.72,0.19,0.2,2.37e-12,2.57e-12
183,IRAS17578-0400,18h00m31.84s,-04d00m53.1s,0.01404,68.5,11.51,0.04,0.03,0.02,58.76,60.58,0.36,0.37,8.44e-12,8.71e-12
184,IRAS18090+0130b,18h11m33.39s,+01d31m41.4s,0.02889,134.0,11.06,0.02,0.09,0.02,19.87,21.84,0.12,0.13,7.3e-13,8.1e-13
185,IRAS18090+0130a,18h11m38.42s,+01d31m39.6s,0.02889,134.0,11.53,0.13,0.08,0.04,59.23,64.38,0.36,0.39,2.19e-12,2.38e-12
186,NGC6621,18h12m55.35s,+68d21m47.1s,0.02065,94.3,11.31,0.12,0.1,0.06,34.95,38.84,0.21,0.23,2.61e-12,2.9e-12
188,IC4687a,18h13m39.51s,-57d43m30.7s,0.01735,81.9,11.36,0.01,0.08,0.06,39.48,42.92,0.24,0.26,3.97e-12,4.31e-12
190,CGCG142-034b,18h16m33.81s,+22d06m38.9s,0.01868,88.1,10.28,0.04,0.18,0.05,2.94,3.59,0.02,0.02,2.5e-13,3.1e-13
191,CGCG142-034a,18h16m40.59s,+22d06m44.8s,0.01868,88.1,11.04,0.05,0.09,0.03,18.63,20.48,0.11,0.13,1.62e-12,1.78e-12
192,IRASF18293-3413,18h32m41.08s,-34d11m27.3s,0.01818,86.0,11.94,0.1,0.05,0.03,156.68,164.93,0.95,1.0,1.412e-11,1.487e-11
193,NGC6670Ab,18h33m34.01s,+59d53m18.2s,0.0286,129.5,11.39,0.06,0.05,0.01,44.54,46.89,0.27,0.28,1.76e-12,1.85e-12
194,NGC6670Aa,18h33m37.72s,+59d53m23.4s,0.0286,129.5,11.34,0.06,0.05,0.01,38.92,40.97,0.24,0.25,1.56e-12,1.65e-12
195,IC4734,18h38m25.78s,-57d29m25.8s,0.01561,73.4,11.42,0.04,0.07,0.02,46.64,50.15,0.28,0.3,5.73e-12,6.16e-12
196,NGC6701,18h43m12.56s,+60d39m10.1s,0.01323,62.4,11.05,0.03,0.08,0.04,19.66,21.36,0.12,0.13,3.35e-12,3.64e-12
197,NGC6786b,19h10m53.79s,+73d24m36.7s,0.02511,113.0,11.2,0.07,0.07,0.04,27.84,29.94,0.17,0.18,1.46e-12,1.57e-12
198,NGC6786a,19h11m04.33s,+73d25m33.1s,0.02511,113.0,10.97,0.12,0.16,0.06,14.77,17.59,0.09,0.11,7.7e-13,9.2e-13
199,ESO593-IG008,19h14m31.12s,-21d19m06.2s,0.04873,222.0,11.92,0.29,0.05,0.01,150.53,158.45,0.9,0.95,2.02e-12,2.13e-12
200,IRASF19297-0406,19h32m22.18s,-04d00m00.8s,0.08573,395.0,12.45,0.7,0.05,0.03,505.35,531.94,3.06,3.22,2.17e-12,2.28e-12
201,IRAS19542+1110,19h56m36.17s,+11d19m03.1s,0.06496,295.0,11.76,0.16,0.08,0.04,100.41,109.15,0.61,0.66,7.7e-13,8.3e-13
202,ESO339-G011,19h57m37.51s,-37d56m07.2s,0.0192,88.6,11.27,0.06,0.41,0.09,20.8,35.25,0.13,0.21,1.77e-12,2.99e-12
203,NGC6907a,20h25m06.62s,-24d48m33.0s,0.01064,50.1,10.91,0.02,0.09,0.04,14.06,15.45,0.08,0.09,3.72e-12,4.09e-12
204,MCG+04-48-002a,20h28m34.96s,+25d44m00.6s,0.0139,64.2,11.08,0.18,0.17,0.06,19.05,22.95,0.11,0.14,3.06e-12,3.68e-12
205,NGC6926a,20h33m06.12s,-02d01m38.2s,0.01961,89.1,10.89,0.08,0.29,0.05,10.47,14.75,0.06,0.09,8.8e-13,1.23e-12
206,IRAS20351+2521,20h37m17.70s,+25d31m38.5s,0.0337,151.0,11.57,0.14,0.07,0.03,65.65,70.59,0.4,0.42,1.91e-12,2.06e-12
207,CGCG448-020a,20h57m24.23s,+17d07m36.8s,0.0361,161.0,11.86,0.1,0.05,0.01,130.88,137.77,0.79,0.83,3.35e-12,3.53e-12
208,ESO286-IG019,20h58m26.81s,-42d38m60.0s,0.043,193.0,12.1,0.16,0.24,0.05,178.72,235.16,1.09,1.44,3.24e-12,4.27e-12
209,ESO286-G035,21h04m11.09s,-43d35m34.9s,0.01736,79.1,11.13,0.05,0.06,0.04,23.99,25.52,0.14,0.15,2.56e-12,2.72e-12
210,IRAS21101+5810,21h11m29.62s,+58d23m09.0s,0.03904,174.0,11.69,0.1,0.03,0.01,90.63,93.43,0.54,0.56,1.98e-12,2.04e-12
211,ESO343-IG013b,21h36m10.42s,-38d32m41.8s,0.01906,85.8,10.64,0.01,0.04,0.01,7.92,8.25,0.05,0.05,7.2e-13,7.5e-13
212,ESO343-IG013a,21h36m10.89s,-38d32m33.0s,0.01906,85.8,10.92,0.01,0.09,0.04,14.18,15.58,0.09,0.1,1.3e-12,1.43e-12
213,NGC7130,21h48m19.38s,-34d57m05.3s,0.01615,72.7,11.4,0.05,0.22,0.04,37.38,47.92,0.22,0.29,4.68e-12,6e-12
214,ESO467-G027,22h14m39.88s,-27d27m50.7s,0.0174,77.3,11.02,0.08,0.11,0.07,17.45,19.61,0.11,0.12,1.97e-12,2.21e-12
215,IC5179,22h16m09.13s,-36d50m36.6s,0.01141,51.4,11.17,0.03,0.1,0.07,25.4,28.22,0.15,0.17,6.36e-12,7.07e-12
216,ESO602-G025,22h31m25.44s,-19d02m04.3s,0.02504,110.0,11.43,0.13,0.14,0.04,43.94,51.1,0.26,0.31,2.41e-12,2.81e-12
217,UGC12150,22h41m12.27s,+34d14m56.5s,0.02139,93.5,11.43,0.08,0.07,0.02,47.63,51.21,0.29,0.31,3.61e-12,3.89e-12
218,ESO239-IG002,22h49m39.91s,-48d50m58.3s,0.04303,191.0,11.84,0.16,0.03,0.02,127.99,131.95,0.77,0.79,2.32e-12,2.39e-12
219,IRASF22491-1808,22h51m49.28s,-17d52m23.0s,0.07776,351.0,12.22,0.28,0.02,0.02,308.04,314.33,1.86,1.9,1.67e-12,1.7e-12
220,NGC7469,23h03m15.67s,+08d52m27.1s,0.01632,70.8,11.58,0.06,0.24,0.06,54.25,71.39,0.33,0.43,7.28e-12,9.57e-12
221,CGCG453-062,23h04m56.46s,+19d33m07.5s,0.0251,109.0,11.38,0.05,0.08,0.03,42.04,45.7,0.25,0.27,2.34e-12,2.55e-12
222,ESO148-IG002,23h15m46.50s,-59d03m15.0s,0.0446,199.0,12.08,0.34,0.19,0.03,182.98,225.91,1.11,1.37,3.1e-12,3.83e-12
223,IC5298,23h16m00.65s,+25d33m23.8s,0.02742,119.0,11.63,0.07,0.33,0.05,54.59,81.47,0.33,0.49,2.55e-12,3.8e-12
224,NGC7552,23h16m10.70s,-42d35m05.6s,0.00536,23.5,11.13,0.01,0.08,0.05,23.43,25.46,0.14,0.15,2.837e-11,3.083e-11
225,NGC7591,23h18m16.24s,+06d35m08.9s,0.01653,71.4,11.13,0.04,0.09,0.02,23.41,25.73,0.14,0.15,3.04e-12,3.34e-12
226,NGC7592a,23h18m22.06s,-04d24m57.2s,0.02444,106.0,10.87,0.02,0.2,0.06,11.26,14.07,0.07,0.08,6.7e-13,8.3e-13
227,NGC7592b,23h18m22.75s,-04d24m57.6s,0.02444,106.0,11.09,0.02,0.05,0.02,22.11,23.27,0.13,0.14,1.31e-12,1.38e-12
228,ESO077-IG014a,23h21m03.77s,-69d12m58.2s,0.04156,186.0,11.06,0.03,0.02,0.01,21.27,21.7,0.13,0.13,4.1e-13,4.2e-13
229,ESO077-IG014b,23h21m05.36s,-69d12m48.3s,0.04156,186.0,11.63,0.04,0.05,0.03,77.42,81.49,0.46,0.49,1.48e-12,1.56e-12
230,NGC7674,23h27m56.68s,+08d46m43.7s,0.02892,125.0,11.42,0.18,0.74,0.07,12.92,49.68,0.08,0.3,5.5e-13,2.12e-12
231,NGC7679a,23h28m46.62s,+03d30m42.3s,0.01714,73.8,11.04,0.05,0.17,0.06,17.09,20.59,0.1,0.13,2.11e-12,2.54e-12
232,IRASF23365+3604,23h39m01.29s,+36d21m08.7s,0.06448,287.0,12.23,0.21,0.05,0.02,303.35,319.32,1.84,1.94,2.47e-12,2.6e-12
233,MCG-01-60-022,23h42m00.88s,-03d36m53.9s,0.02324,100.0,11.17,0.22,0.08,0.06,25.58,27.81,0.16,0.17,1.72e-12,1.87e-12
234,IRAS23436+5257,23h46m05.50s,+53d13m59.8s,0.03413,149.0,11.59,0.13,0.12,0.03,64.78,73.61,0.39,0.44,1.95e-12,2.21e-12
235,NGC7752b,23h46m58.50s,+29d27m32.1s,0.01708,73.6,10.75,0.2,0.08,0.06,9.71,10.56,0.06,0.06,1.21e-12,1.31e-12
236,NGC7752a,23h47m04.69s,+29d29m04.8s,0.01708,73.6,10.08,0.04,0.16,0.05,1.92,2.29,0.01,0.01,2.4e-13,2.8e-13
237,NGC7771c,23h51m03.88s,+20d09m00.7s,0.01427,61.2,10.84,0.07,0.16,0.04,10.87,12.94,0.07,0.08,1.96e-12,2.33e-12
239,NGC7771a,23h51m24.76s,+20d06m42.1s,0.01427,61.2,11.39,0.21,0.06,0.02,43.43,46.21,0.26,0.28,7.78e-12,8.27e-12
240,Mrk331,23h51m26.71s,+20d35m10.3s,0.01848,79.3,11.54,0.07,0.03,0.01,63.16,65.11,0.38,0.4,6.75e-12,6.96e-12
