4.483416324464551e-12
4.4929325792001455e-12
4.8049085852851835e-12
4.766250621555754e-12
4.7665325530851124e-12
4.960118924821166e-12
4.415261330744e-12
4.023345348939123e-12
3.652314948978517e-12
3.3726488113995205e-12
2.900433334603406e-12
2.5536006316769247e-12
2.316200005783213e-12
1.9731307210386887e-12
1.7437256403323797e-12
1.5665103932053569e-12
1.3081470323576497e-12
1.0896666991598988e-12
1.029271921559533e-12
7.134926516293901e-13
6.019340466722348e-13
4.3318107386848856e-13
2.861184566274989e-13
2.69487178043962e-13
2.333676505451927e-13
2.2085643991909313e-13
2.290436079180355e-13
2.2917310353091985e-13
2.694859680251151e-13
2.672349600158092e-13
2.8459769005357455e-13
3.1886521954321966e-13
3.127356424711331e-13
3.403403754221177e-13
3.329564239761853e-13
3.507920696749793e-13
3.484920095330757e-13
3.613311070268279e-13
3.950321224743204e-13
3.8633518260964607e-13
4.124102671504711e-13
4.2427335993527733e-13
4.4413603908063194e-13
4.497400484745446e-13
4.4614671627346093e-13
4.672785552074981e-13
5.203943597513891e-13
5.883720261495815e-13
6.311995858325088e-13
7.550558157572741e-13
9.52184992876381e-13