0.09 0.04
0.04 0.02
0.07 0.05
0.23 0.09
0.09 0.03
0.47 0.06
0.06 0.04
0.05 0.02
0.12 0.04
0.07 0.04
0.06 0.03
0.09 0.02
0.08 0.04
0.11 0.05
0.07 0.05
0.05 0.03
0.00 0.00
0.09 0.05
0.08 0.04
0.17 0.07
0.05 0.03
0.09 0.04
0.12 0.08
0.08 0.05
0.10 0.03
0.14 0.05
0.12 0.05
0.13 0.04
0.07 0.03
0.20 0.07
0.08 0.05
1.00 0.00
0.10 0.06
0.14 0.04
0.09 0.05
0.50 0.09
0.44 0.18
0.06 0.01
0.38 0.03
0.00 0.00
0.13 0.09
0.08 0.05
0.44 0.21
0.11 0.08
0.25 0.04
0.10 0.04
0.06 0.02
0.12 0.08
0.19 0.06
0.37 0.26
0.08 0.03
0.06 0.03
0.49 0.04
0.03 0.02
0.06 0.02
0.08 0.03
0.06 0.01
0.60 0.07
0.04 0.02
0.92 0.00
0.04 0.01
0.25 0.09
0.09 0.04
0.06 0.03
0.11 0.01
0.16 0.12
0.11 0.07
0.01 0.00
0.05 0.02
0.07 0.04
0.09 0.05
0.02 0.01
0.06 0.03
0.09 0.04
0.51 0.10
0.06 0.04
0.06 0.03
0.10 0.06
0.14 0.08
0.03 0.01
0.14 0.08
0.18 0.06
0.10 0.03
0.09 0.05
0.12 0.04
0.23 0.06
0.47 0.09
0.19 0.06
0.13 0.04
0.05 0.01
0.05 0.03
0.25 0.05
0.20 0.00
0.09 0.06
0.14 0.09
0.10 0.06
0.22 0.15
0.04 0.02
0.09 0.08
0.05 0.02
0.14 0.06
0.07 0.03
0.04 0.01
0.03 0.02
0.18 0.09
0.05 0.01
0.04 0.02
0.27 0.07
0.04 0.02
0.03 0.02
0.06 0.03
0.06 0.03
0.06 0.03
0.09 0.02
0.18 0.07
0.10 0.03
0.20 0.10
0.48 0.22
0.53 0.12
0.17 0.05
0.05 0.01
0.11 0.06
0.04 0.02
0.03 0.01
0.02 0.02
0.06 0.03
0.04 0.02
0.05 0.03
0.05 0.03
0.03 0.01
0.10 0.04
0.88 0.04
0.24 0.06
0.03 0.02
0.12 0.07
0.23 0.07
0.07 0.04
0.11 0.05
0.31 0.08
0.10 0.04
0.07 0.04
0.07 0.04
0.12 0.07
0.08 0.04
0.06 0.03
0.09 0.05
0.05 0.02
0.14 0.07
0.17 0.07
0.13 0.08
0.16 0.05
0.04 0.02
0.07 0.02
0.18 0.16
0.08 0.05
0.09 0.05
0.31 0.07
0.10 0.05
0.05 0.03
0.05 0.01
0.07 0.04
0.16 0.05
0.06 0.02
0.08 0.00
0.05 0.03
0.11 0.02
0.07 0.04
0.08 0.04
0.11 0.06
0.02 0.00
0.07 0.04
0.05 0.03
0.07 0.02
0.12 0.07
0.08 0.01
0.03 0.02
0.09 0.02
0.08 0.04
0.10 0.06
0.08 0.06
0.18 0.05
0.09 0.03
0.05 0.03
0.05 0.01
0.05 0.01
0.07 0.02
0.08 0.04
0.07 0.04
0.16 0.06
0.05 0.01
0.05 0.03
0.08 0.04
0.41 0.09
0.09 0.04
0.17 0.06
0.29 0.05
0.07 0.03
0.05 0.01
0.24 0.05
0.06 0.04
0.03 0.01
0.04 0.01
0.09 0.04
0.22 0.04
0.11 0.07
0.10 0.07
0.14 0.04
0.07 0.02
0.03 0.02
0.02 0.02
0.24 0.06
0.08 0.03
0.19 0.03
0.33 0.05
0.08 0.05
0.09 0.02
0.20 0.06
0.05 0.02
0.02 0.01
0.05 0.03
0.74 0.07
0.17 0.06
0.05 0.02
0.08 0.06
0.12 0.03
0.08 0.06
0.16 0.05
0.16 0.04
0.19 0.08
0.06 0.02
0.03 0.01