0       2.47217       25.92398   0.01523    65.2
1       2.77734      -12.10708   0.01962    84.1
2       4.71178      -10.37704   0.02722   117.5
3       9.21910      -33.55553   0.02060    89.0
4      10.69080      -23.56166   0.02217    95.2
5      10.71996      -23.54139   0.02217    95.2
6      13.51461       73.08434   0.01570    69.8
7      14.41819       43.79233   0.01811    77.8
8      16.94790      -17.50774   0.02007    85.5
9      17.53732      -16.85307   0.03349   144.0
10     19.53443      -44.46190   0.02104    91.5
11     20.01050       14.36178   0.03123   134.0
12     23.71395      -36.13766   0.01600    68.8
13     24.09769      -37.32198   0.01732    74.6
14     24.10081      -37.34095   0.01732    74.6
15     24.72000      -10.45332   0.04825   210.0
16     26.12709       17.10246   0.02794   119.0
17     27.80953       22.58204   0.03247   139.0
18     28.72402       36.91788   0.01875    79.8
19     32.35265      -10.13575   0.01285    53.8
20     32.41066      -10.14620   0.01285    53.8
21     32.42834      -10.18363   0.01285    53.8
22     32.53956       39.19006   0.01793    76.3
23     33.52267        5.17376   0.03022   129.0
24     34.47217       14.52136   0.01305    54.6
25     34.50001       14.54320   0.01305    54.6
26     35.82827       32.18869   0.03371   145.0
27     35.84121       32.19693   0.03371   145.0
28     36.03264       47.96956   0.01561    67.0
29     37.67965       -2.93291   0.01914    80.6
30     39.35615       21.10113   0.01381    58.0
31     40.66973       -0.01360   0.00379    15.9
32     41.57247       13.09579   0.02188    92.4
33     41.66299       21.58623   0.02331    98.8
34     43.50740       14.97062   0.03188   136.0
35     48.75493       42.03614   0.02334   100.0
36     49.95067       41.51164   0.01756    75.0
37     51.27194       40.55855   0.02337   100.0
38     53.40423      -36.13789   0.00546    17.9
39     54.69582       15.54804   0.03540   152.0
40     58.53199       15.99006   0.02222    94.3
41     58.56679       15.92876   0.02222    94.3
42     60.63554       60.34458   0.03001   131.0
43     63.09383        5.54726   0.01770    74.9
44     63.45700      -32.00686   0.01191    51.0
45     65.33314      -18.81093   0.03209   138.5
46     65.33344      -18.81534   0.03209   138.5
47     65.67842      -40.60088   0.02038    88.6
48     67.63778       38.93022   0.01881    80.8
49     68.49948       -8.57884   0.01594    67.8
50     68.89075       19.17147   0.02471   106.0
51     71.70662      -48.55854   0.05291   235.0
52     73.02046      -32.99060   0.01875    81.3
53     76.93659       -8.01905   0.01481    63.4
54     77.08187       17.36329   0.01819    77.9
55     77.08820       17.36892   0.01819    77.9
56     77.85738       24.75530   0.02307    99.2
57     79.19327       79.67054   0.05367   240.0
58     79.23302       51.53256   0.02743   120.0
59     80.25575      -25.36257   0.04256   187.0
60     80.27705      -10.24579   0.02827   122.0
61     81.31933       19.18017   0.02958   128.0
62     85.18192       49.69518   0.01916    83.7
63     85.51620       69.37951   0.01312    59.0
64     86.44975       58.70101   0.01486    65.8
65     86.79643       17.56288   0.01862    80.5
66     92.44043      -21.67315   0.03745   165.0
67     93.49325       80.47645   0.01308    59.7
68     93.62379       80.45002   0.01308    59.7
69     94.66320       78.35560   0.00298    17.5
70     96.84000      -47.17691   0.03879   173.0
71     96.84606      -47.18346   0.03879   173.0
72     97.94020      -17.64628   0.02130    93.6
73     97.94641      -17.62150   0.02130    93.6
74    104.39355       46.40306   0.02135    94.3
75    104.91808      -63.29823   0.02296   104.0
76    105.85066      -60.25575   0.03132   141.0
77    105.86877      -60.27856   0.03132   141.0
78    107.30065       20.60363   0.01760    78.0
79    107.32552       20.63622   0.01760    78.0
80    109.15693      -62.34345   0.01081    47.6
81    111.90715       -2.91486   0.08756   400.0
82    112.22280       33.81873   0.01379    62.1
83    112.26933       33.86067   0.01379    62.1
84    113.93113       11.70964   0.01625    72.8
85    129.25784      -49.90822   0.02590   118.0
86    129.60085       25.75479   0.01851    84.1
87    131.11276      -31.69766   0.01616    74.4
88    131.11993      -31.69205   0.01616    74.4
89    133.13382      -69.03229   0.04632   210.0
90    135.10610       39.06504   0.05835   264.0
91    136.05318      -36.45042   0.05964   271.0
92    138.40178      -10.32483   0.05414   246.0
93    138.97641       44.33080   0.03953   178.0
94    138.98204       44.33260   0.03953   178.0
95    143.96558       61.35310   0.03937   177.0
96    144.15480       48.47457   0.02594   117.0
97    146.58446        3.04591   0.02000    92.9
98    146.58775        3.07142   0.02000    92.9
99    151.00902       -6.47554   0.01686    79.5
100   151.51936      -33.88507   0.03410   156.0
101   155.00051        8.22620   0.04909   224.0
102   155.58310       21.56702   0.01371    65.7
103   156.96400      -43.90424   0.00935    38.9
104   160.78191      -46.21273   0.02101   100.0
105   164.75822      -43.44071   0.01720    83.3
106   164.82595       24.54266   0.04310   197.0
107   165.97480       40.85025   0.03452   158.0
108   170.30100       -2.98366   0.02490   117.0
109   171.43748       14.67662   0.03400   157.0
110   171.45610       14.66831   0.03400   157.0
111   171.97493      -41.61409   0.01635    80.0
112   172.12795       58.56245   0.01032    50.7
113   172.13831       58.56300   0.01032    50.7
114   178.29847      -39.13066   0.01078    41.2
115   181.71641      -31.94957   0.02320   112.0
116   183.44105        2.81099   0.07332   340.0
117   183.46792      -47.27393   0.01849    97.1
118   183.54041       54.52655   0.00834    43.0
119   183.55396      -47.22879   0.01849    97.1
120   183.59243      -56.54265   0.02710   128.0
121   186.26647       -6.68120   0.02636   125.0
122   186.72732       -0.87774   0.00727    36.5
123   194.06010       56.87364   0.04217   192.0
124   195.35555       29.31418   0.02359   111.0
125   195.45944        4.33354   0.03748   175.0
126   195.58254      -15.76740   0.01592    78.7
127   195.58546      -15.76758   0.01592    78.7
128   195.71799      -23.92162   0.02170   106.0
129   197.07707      -57.45837   0.02123   106.0
130   198.76460       24.61893   0.01116    56.8
131   198.77631      -55.15619   0.03076   144.0
132   198.87807       62.12934   0.03107   142.0
133   198.89546       62.12458   0.03107   142.0
134   200.14713       34.13979   0.02330   110.0
135   200.34628        0.34269   0.01861    90.8
136   200.60187      -16.72850   0.01654    82.2
137   201.43322      -29.83346   0.01369    60.9
138   201.84939      -57.48943   0.00973    34.0
139   203.22230      -24.20702   0.01631    82.4
140   204.57242       48.27637   0.02782   129.0
141   204.96966        0.83858   0.02261   108.5
142   204.98803        0.82863   0.02261   108.5
143   206.17618       55.88685   0.03778   173.0
144   207.30652       35.25682   0.01679    81.4
145   207.73727      -49.05547   0.01034    62.9
146   208.06765        2.10137   0.03304   155.0
147   208.06868        2.10838   0.03304   155.0
148   209.64016       37.45409   0.01161    58.7
149   214.93101       49.23653   0.02574   120.0
150   217.54129       31.21572   0.01188    60.2
151   219.40983      -15.00634   0.08273   387.0
152   220.24576      -37.07550   0.06764   315.0
153   221.28738      -20.87030   0.01375    67.1
154   221.29551      -20.91352   0.01375    67.1
155   224.25128       24.60701   0.03367   157.0
156   224.25306       24.61924   0.03367   157.0
157   224.42151      -43.13212   0.01589    80.0
158   228.30364        7.22477   0.01300    65.4
159   229.52579       42.74545   0.03984   183.0
160   231.24165      -63.12503   0.02928   137.0
161   231.74793       35.97706   0.05516   254.0
162   232.50328       12.98946   0.01336    67.1
163   233.73787       23.50348   0.01813    87.9
164   236.56842        2.41534   0.01281    64.4
165   241.30388       20.54337   0.01581    77.6
166   242.92003       52.45694   0.02984   137.0
167   244.79909       -7.90078   0.02715   128.0
168   247.73582        4.08288   0.02449   116.0
169   248.71896      -60.61877   0.01088    48.0
170   249.54942      -68.43599   0.04644   212.0
171   250.66727       -9.72028   0.02701   128.0
172   251.87964      -29.35598   0.02088   100.0
173   253.24583        2.40117   0.02448   116.0
174   253.59922       -9.88901   0.02253   107.0
175   254.60017       58.95549   0.01835    85.7
176   254.63166       58.93653   0.01835    85.7
177   258.58411       53.17499   0.05094   232.0
178   259.14935      -10.34501   0.01734    84.0
179   260.84140       -0.28362   0.04281   198.0
180   261.68033      -59.93213   0.02078    98.3
181   268.71592       34.77620   0.01628    77.5
182   269.23581       24.01727   0.01983    93.4
183   270.13276       -4.01473   0.01404    68.5
184   272.88910        1.52817   0.02889   134.0
185   272.91009        1.52773   0.02889   134.0
186   273.23057       68.36309   0.02065    94.3
187   273.41134      -57.73255   0.01735    81.9
188   273.41462      -57.72518   0.01735    81.9
189   273.41792      -57.74839   0.01735    81.9
190   274.14072       22.11035   0.01868    88.1
191   274.16913       22.11244   0.01868    88.1
192   278.17120      -34.19095   0.01818    86.0
193   278.39168       59.88839   0.02860   129.5
194   278.40722       59.88975   0.02860   129.5
195   279.60623      -57.49030   0.01561    73.4
196   280.80236       60.65279   0.01323    62.4
197   287.72404       73.41015   0.02511   113.0
198   287.76808       73.42583   0.02511   113.0
199   288.62989      -21.31845   0.04873   222.0
200   293.09240       -4.00025   0.08573   395.0
201   299.15072       11.31749   0.06496   295.0
202   299.40669      -37.93565   0.01920    88.6
203   306.27748      -24.80917   0.01064    50.1
204   307.14561       25.73345   0.01390    64.2
205   308.27553       -2.02723   0.01961    89.1
206   309.32373       25.52736   0.03370   151.0
207   314.35092       17.12698   0.03610   161.0
208   314.61169      -42.64970   0.04300   193.0
209   316.04571      -43.59250   0.01736    79.1
210   317.87347       58.38598   0.03904   174.0
211   324.04318      -38.54469   0.01906    85.8
212   324.04520      -38.54237   0.01906    85.8
213   327.08078      -34.95154   0.01615    72.7
214   333.66616      -27.46407   0.01740    77.3
215   334.03798      -36.84356   0.01141    51.4
216   337.85584      -19.03440   0.02504   110.0
217   340.30092       34.24880   0.02139    93.5
218   342.41566      -48.84951   0.04303   191.0
219   342.95532      -17.87310   0.07776   351.0
220   345.81532        8.87435   0.01632    70.8
221   346.23550       19.55150   0.02510   109.0
222   348.94380      -59.05419   0.04460   199.0
223   349.00269       25.55660   0.02742   119.0
224   349.04481      -42.58493   0.00536    23.5
225   349.56766        6.58578   0.01653    71.4
226   349.59191       -4.41592   0.02444   106.0
227   349.59479       -4.41618   0.02444   106.0
228   350.26582      -69.21617   0.04156   186.0
229   350.27233      -69.21342   0.04156   186.0
230   351.98614        8.77878   0.02892   125.0
231   352.19426        3.51170   0.01714    73.8
232   354.75541       36.35237   0.06448   287.0
233   355.50333       -3.61518   0.02324   100.0
234   356.52305       53.23316   0.03413   149.0
235   356.74374       29.45885   0.01708    73.6
236   356.76922       29.48344   0.01708    73.6
237   357.76613       20.15017   0.01427    61.2
238   357.84343       20.09632   0.01427    61.2
239   357.85319       20.11176   0.01427    61.2
240   357.86123       20.58619   0.01848    79.3
