0    NGC0023               0  0  2  2    00h09m53.32s    +25d55m26.2s    0.14     156.50       0.75      7156        56    0    1  1  1     270.63       1.90     12709       136    c    1342235658      OT1_larmus_1
1    NGC0034a              0  0  2  2    00h11m06.59s    -12d06m25.5s    0.40      75.17       0.20      9775        20    0    1  1  1      93.26       1.23     10078       113    c    1342199416   KPOT_pvanderw_1
2    MCG-02-01-051a        0  0  2  2    00h18m50.87s    -10d22m36.6s    0.96      95.87       0.68      4054        62    0    1  1  1     128.45       1.65      5588       147    c    1342235846    OT1_dweedman_1
3    ESO350-IG038          1  0  1  1    00h36m52.20s    -33d33m20.8s    4.86      32.29       0.21       954        19    0    0  0  1      70.56       0.79      1840        75    c    1342199236   KPGT_smadde01_1
4    NGC0232a              0  0  2  2    00h42m45.80s    -23d33m42.0s    0.17     125.23       0.74     12505        48    0    1  1  1     138.00       2.32     12548       154    c    1342238142      OT1_larmus_1
5    NGC0232b              0  0  2  2    00h42m52.78s    -23d32m28.9s    0.18      21.33       0.61      2142        42    0    1  1  1      26.06       2.22      2656       142    c    1342238144      OT1_larmus_1
6    MCG+12-02-001         0  0  2  2    00h54m03.48s    +73d05m03.8s    0.17     212.04       0.71     11978        68    0    1  1  1     439.80       2.13     21579       192    c    1342193211   KPOT_pvanderw_1
7    NGC0317B              0  0  2  2    00h57m40.41s    +43d47m32.9s    0.72      91.78       0.53      9384        38    0    1  1  1     104.08       1.96     10535       143    c    1342236877      OT1_larmus_1
8    IC1623AB              0  0  1  2    01h07m47.49s    -17d30m27.1s    0.75     221.84       1.12     13435        99    0    1  1  1     561.57       2.78     25370       223    c    1342212532   KPOT_pvanderw_1
9    MCG-03-04-014         0  0  2  2    01h10m08.98s    -16d51m09.7s    1.44     122.36       0.53      6665        51    0    1  1  1     143.43       3.11      7129       306    c    1342238385    OT1_dweedman_1
10   ESO244-G012a          0  0  2  2    01h18m08.15s    -44d27m46.9s    4.22      70.55       0.50      4531        48    0    1  1  1     127.16       1.96      7060       182    c    1342234998    OT1_dweedman_1
11   CGCG436-030           0  0  2  2    01h20m02.52s    +14d21m42.5s    0.09     106.08       0.87      6396        73    0    1  1  1     121.38       1.62      6912       136    c    1342238602      OT1_larmus_1
12   ESO353-G020           0  0  2  2    01h34m51.35s    -36d08m14.8s    0.83     137.77       0.95     13370        75    0    1  1  1     158.79       3.71     12927       280    c    1342238600    OT1_dweedman_1
13   ESO297-G011b          0  0  2  2    01h36m23.43s    -37d19m19.1s    0.17      72.05       0.49      4131        42    0    1  1  1     138.55       1.58      4739       138    c    1342238556      OT1_larmus_1
14   ESO297-G011a          0  0  2  2    01h36m24.19s    -37d20m27.2s    0.24      48.02       0.45      2704        37    0    1  1  1      49.15       1.94      3087       155    c    1342238558      OT1_larmus_1
15   IRASF01364-1042       0  0  2  2    01h38m52.88s    -10d27m11.1s    1.43      14.25       0.62      3304        49    0    1  1  1      14.25       0.62      3304        49    a    1342238601    OT1_dweedman_1
16   IRASF01417+1651       0  0  2  2    01h44m30.49s    +17d06m08.9s    0.11      17.98       0.80      6659        61    0    1  1  1      30.61       1.55      7431       119    c    1342238637      OT1_larmus_1
17   NGC0695               0  0  2  2    01h51m14.30s    +22d34m55.6s    0.26     142.98       0.62      6346        53    0    1  1  1     283.75       1.35     11759       114    c    1342238392      OT1_larmus_1
18   UGC01385              0  0  2  2    01h54m53.80s    +36d55m04.6s    0.53      60.28       0.54      4550        55    0    1  1  1      60.28       0.54      4550        55    a    1342237475    OT1_dweedman_1
19   NGC0838c              0  0  2  2    02h09m24.64s    -10d08m08.7s    0.14     102.58       0.64      6582        47    0    1  1  1     181.10       1.77     10736       129    c    1342238923      OT1_larmus_1
20   NGC0838a              0  0  2  2    02h09m38.56s    -10d08m46.5s    0.18     235.49       0.81      7736        68    0    1  1  1     363.24       2.06     11950       167    c    1342238919      OT1_larmus_1
21   NGC0838b              0  0  2  2    02h09m42.80s    -10d11m01.1s    0.05     109.73       0.91      6977        77    0    1  1  1     128.45       0.97      7467        80    c    1342238921      OT1_larmus_1
22   NGC0828               0  0  2  2    02h10m09.46s    +39d11m24.7s    0.57     246.98       1.08     17916        76    0    1  1  1     484.63       2.30     27293       150    c    1342238724      OT1_larmus_1
23   IC0214                0  0  2  2    02h14m05.44s    +05d10m25.6s    0.08      90.73       0.75      3350        64    0    1  1  1     162.26       1.61      6477       135    c    1342238950      OT1_larmus_1
24   NGC0877b              0  0  2  2    02h17m53.31s    +14d31m16.9s    0.19      41.31       0.45      3144        39    0    1  1  1      76.74       1.89      5143       152    c    1342238956      OT1_larmus_1
25   NGC0877a              1  1  1  2    02h17m59.72s    +14d32m34.7s    4.16      39.54       0.33      2200        29    0    1  0  0     290.92       1.66     13331       135    c    1342238952      OT1_larmus_1
26   MCG+05-06-36b         0  0  2  2    02h23m18.78s    +32d11m19.4s    0.11      30.92       0.44      2137        37    0    1  1  1      38.14       1.84      2810       163    c    1342238422      OT1_larmus_1
27   MCG+05-06-36a         0  0  2  2    02h23m21.91s    +32d11m49.0s    0.22      59.20       0.86      6138        57    0    1  1  1      71.72       2.09      7093       144    c    1342238420      OT1_larmus_1
28   UGC01845              0  0  2  2    02h24m07.90s    +47d58m09.9s    0.81     152.96       0.94     12506        73    0    1  1  1     155.33       2.50     12733       196    c    1342239504    OT1_dweedman_1
29   NGC0958               0  1  2  1    02h30m43.38s    -02d56m01.8s    5.11      45.83       0.45      2621        38    0    0  1  0     231.04       1.61     13285       110    c    1342238946      OT1_larmus_1
30   NGC0992               0  0  2  2    02h37m25.49s    +21d06m04.3s    0.30     192.30       0.73      7544        57    0    1  1  1     366.77       1.48     13468       118    c    1342238958      OT1_larmus_1
31   NGC1068               0  0  2  2    02h42m40.79s    -00d00m47.9s    1.32     319.44       1.44     46689        93    0    1  0  0    2489.28       6.25    208322       438    c    1342191154     KPGT_esturm_1
32   UGC02238              0  0  2  2    02h46m17.39s    +13d05m45.0s    0.10     168.41       0.67      9301        50    0    1  1  1     266.56       1.92     13840       144    c    1342238425      OT1_larmus_1
33   IRASF02437+2122       0  0  2  2    02h46m39.15s    +21d35m10.1s    0.52      15.71       0.70      5026        62    0    1  1  1      15.71       0.70      5026        62    a    1342239499    OT1_dweedman_1
34   UGC02369a             0  0  2  3    02h54m01.92s    +14d58m11.7s    3.21      72.06       0.56      5091        53    0    1  1  1      99.55       1.75      7288       156    c    1342239497    OT1_dweedman_1
35   UGC02608              0  0  2  2    03h15m01.20s    +42d02m09.6s    0.51      84.08       0.75      5894        59    0    1  1  1     181.04       1.48      9770       122    c    1342238960      OT1_larmus_1
36   NGC1275               2  2  2  2    03h19m48.14s    +41d30m40.3s    1.62      67.83       0.96      4845        79    0    1  1  1     162.31       3.73      6114       295    c    1342214362      KPOT_aedge_1
37   IRASF03217+4022       0  0  2  2    03h25m05.37s    +40d33m32.0s    1.70      59.01       0.56      7394        47    0    1  1  1      64.39       1.92      7686       161    c    1342238940    OT1_dweedman_1
38   NGC1365               1  0  1  0    03h33m36.90s    -36d08m15.0s    1.95     271.96       1.88     34803       184    0    0  0  0    1355.84       3.52    137405       297    c    1342191294     KPGT_esturm_1
39   IRASF03359+1523       0  0  2  2    03h38m46.68s    +15d32m54.3s    4.77      29.42       0.36      2426        33    0    0  1  0      47.38       2.02      3740       181    c    1342238916    OT1_dweedman_1
40   CGCG465-012b          0  0  2  2    03h54m07.67s    +15d59m24.3s    0.10      44.89       0.51      1833        48    0    1  1  1     108.49       1.47      3798       136    c    1342238967      OT1_larmus_1
41   CGCG465-012a          0  0  2  2    03h54m15.98s    +15d55m43.9s    0.76      78.25       0.42      4914        39    0    1  1  1     138.49       1.44      6383       129    c    1342238965      OT1_larmus_1
42   IRAS03582+6012        0  0  2  2    04h02m32.54s    +60d20m40.7s    0.28      78.61       0.62      2756        51    0    1  1  1     113.47       1.54      4214       129    c    1342243655      OT1_larmus_1
43   UGC02982              0  0  2  2    04h12m22.53s    +05d32m50.3s    0.22     202.82       1.02      8160        78    0    1  1  1     424.92       1.87     16300       144    c    1342239505      OT1_larmus_1
44   ESO420-G013           0  0  2  2    04h13m49.75s    -32d00m25.3s    1.06     145.00       0.60     15300        59    0    1  1  1     157.18       1.91     15475       186    c    1342238379    OT1_dweedman_1
45   ESO550-IG025a         0  0  2  2    04h21m19.96s    -18d48m39.3s    0.12      42.26       0.82      3931        60    0    1  1  1      42.26       0.82      3931        60    a    1342239731      OT1_larmus_1
46   ESO550-IG025b         0  0  2  2    04h21m20.02s    -18d48m55.1s    0.20      32.36       0.60      2594        39    0    1  1  1      32.36       0.60      2594        39    a    1342239507      OT1_larmus_1
47   NGC1572               0  0  2  2    04h22m42.82s    -40d36m03.0s    0.17      78.16       0.53     14046        38    0    1  1  1      88.36       2.06     15484       148    c    1342239480      OT1_larmus_1
48   IRAS04271+3849        0  0  2  2    04h30m33.07s    +38d55m48.9s    0.14      96.22       0.56      6337        39    0    1  1  1     141.91       1.86      8346       128    c    1342239696      OT1_larmus_1
49   NGC1614               0  0  2  2    04h33m59.88s    -08d34m43.7s    0.18     259.49       0.88     15792        91    0    1  1  1     432.58       2.51     23643       262    c    1342190367   KPOT_pvanderw_1
50   UGC03094              0  0  2  2    04h35m33.78s    +19d10m17.3s    0.06     131.78       0.78      5770        60    0    1  1  1     269.16       1.76     11004       128    c    1342239698      OT1_larmus_1
51   ESO203-IG001          0  0  2  2    04h46m49.56s    -48d33m31.0s    0.45       4.94       0.37      2335        33    0    1  0  0       8.87       2.19      2402       161    c    1342238378    OT1_dweedman_1
52   MCG-05-12-006         0  0  2  2    04h52m04.98s    -32d59m25.6s    1.05      43.56       0.72      6586        65    0    1  1  1      44.46       1.57      6854       142    c    1342239733    OT1_dweedman_1
53   NGC1797               0  0  2  2    05h07m44.79s    -08d01m08.5s    0.13     108.07       0.71      9359        56    0    1  1  1     136.95       1.85     10891       151    c    1342239765      OT1_larmus_1
54   CGCG468-002b          0  0  2  2    05h08m19.65s    +17d21m48.0s    0.17      18.88       0.60      1810        45    0    1  1  1      18.88       0.60      1810        45    a    1342243518      OT1_larmus_1
55   CGCG468-002a          0  0  2  2    05h08m21.16s    +17d22m08.1s    0.07      54.22       0.65      6187        53    0    1  1  1      54.22       0.65      6187        53    a    1342243520      OT1_larmus_1
56   IRAS05083+2441        0  0  2  2    05h11m25.78s    +24d45m19.1s    0.12     108.07       0.78      3759        63    0    1  1  1     127.98       1.35      4521       105    c    1342239694      OT1_larmus_1
57   IRASF05081+7936       0  0  2  2    05h16m45.90s    +79d40m13.2s    1.51      84.68       0.39      5727        39    0    1  1  1      97.56       1.85      5657       183    c    1342219853    OT1_dweedman_1
58   IRAS05129+5128        0  0  2  2    05h16m55.93s    +51d31m57.3s    0.12      88.70       0.55      3759        48    0    1  1  1     108.86       0.93      4565        77    c    1342243529      OT1_larmus_1
59   IRASF05189-2524       0  0  2  2    05h21m01.37s    -25d21m45.2s    0.12      17.64       0.55      4893        38    0    1  1  1      23.53       2.60      4233       151    c    1342219442     KPGT_esturm_1
60   IRASF05187-1017       0  0  2  2    05h21m06.51s    -10d14m46.1s    1.28      21.18       0.59      5630        48    0    1  1  1      23.88       1.66      6022       138    c    1342227348    OT1_dweedman_1
61   IRAS05223+1908        0  0  2  2    05h25m16.63s    +19d10m48.5s    0.13      -3.06        NaN      4408        54    0    1  1  1       4.74       1.59      6187       130    c    1342230077      OT1_larmus_1
62   MCG+08-11-002         0  0  2  2    05h40m43.67s    +49d41m42.8s    0.21     130.00       1.34     19261        89    0    1  1  1     156.20       2.57     20628       177    c    1342243527      OT1_larmus_1
63   NGC1961               1  0  3  2    05h42m04.63s    +69d22m47.6s    4.11      30.70       0.69      2845        55    0    1  1  1     196.93       2.97     13863       220    c    1342230951      OT1_larmus_1
64   UGC03351              0  0  2  2    05h45m47.96s    +58d42m03.6s    0.15     154.94       0.82     23542        64    0    1  1  1     330.75       1.60     30124       116    c    1342243531      OT1_larmus_1
65   IRAS05442+1732        0  0  2  2    05h47m11.15s    +17d33m46.8s    0.41     136.09       0.92      6901        72    0    1  1  1     162.60       1.56      7775       120    c    1342243522      OT1_larmus_1
66   IRASF06076-2139a      0  0  2  2    06h09m45.76s    -21d40m23.5s    0.82      19.28       0.82      4829        73    0    1  1  1      27.45       3.57      5811       198    c    1342230910    OT1_dweedman_1
67   UGC03410b             0  0  2  2    06h13m58.38s    +80d28m35.2s    0.03      42.06       0.52      1976        46    0    1  1  1     101.92       1.00      5555        82    c    1342230944      OT1_larmus_1
68   UGC03410a             0  0  2  2    06h14m29.72s    +80d26m59.9s    0.21     134.46       0.83      7437        70    0    1  1  1     388.21       2.35     18120       161    c    1342230997      OT1_larmus_1
69   NGC2146               0  0  1  2    06h18m39.14s    +78d21m21.0s    0.81     959.46       4.64     47767       449    0    1  1  1    3130.97      10.07    138506       847    c    1342193210   KPOT_pvanderw_1
70   ESO255-IG007a         0  0  2  2    06h27m21.59s    -47d10m37.0s    0.11      90.57       0.66      4351        54    0    1  1  1      90.57       0.66      4351        54    a    1342226880      OT1_larmus_1
71   ESO255-IG007b         0  0  2  2    06h27m23.04s    -47d11m00.5s    0.15      22.95       0.40       665        32    0    1  1  1      22.95       0.40       665        32    a    1342226190      OT1_larmus_1
72   ESO557-G002b          0  0  2  2    06h31m45.65s    -17d38m46.7s    0.15      42.31       0.53      1439        43    0    1  1  1      53.29       1.02      2348        84    c    1342230958      OT1_larmus_1
73   ESO557-G002a          0  0  2  2    06h31m47.17s    -17d37m17.4s    0.50      43.43       0.31      4405        29    0    1  1  1      80.41       1.25      5445       117    c    1342230956      OT1_larmus_1
74   UGC03608              0  0  2  2    06h57m34.50s    +46d24m10.7s    0.60      82.02       0.57      5004        55    0    1  1  1     160.64       2.22      8563       209    c    1342230955    OT1_dweedman_1
75   IRASF06592-6313       0  0  2  2    06h59m40.22s    -63d17m53.2s    0.94      28.98       0.42      4581        35    0    1  1  1      29.48       1.17      4080       100    c    1342231286    OT1_dweedman_1
76   IRASF07027-6011a      0  0  2  2    07h03m24.22s    -60d15m21.3s    0.75      23.51       0.47      1636        40    0    1  1  1      25.77       1.29      2167       113    c    1342226876      OT1_larmus_1
77   IRASF07027-6011b      0  0  2  2    07h03m28.51s    -60d16m42.8s    0.04      70.81       0.41      4464        35    0    1  1  1      72.92       1.59      4400       136    c    1342226878      OT1_larmus_1
78   NGC2342b              0  0  2  2    07h09m12.10s    +20d36m12.6s    0.91     150.39       0.52      5422        48    0    1  1  1     254.15       1.50      8646       126    c    1342229684      OT1_larmus_1
79   NGC2342a              0  0  2  2    07h09m18.12s    +20d38m10.4s    0.06      61.81       0.46      3693        39    0    1  1  1     322.59       1.65     12031       142    c    1342229686      OT1_larmus_1
80   NGC2369               0  0  2  2    07h16m37.65s    -62d20m36.5s    0.10     199.08       0.53     27341        37    0    1  1  1     344.82       1.70     36804       119    c    1342231287      OT1_larmus_1
81   IRAS07251-0248        0  0  2  2    07h27m37.70s    -02d54m53.7s    0.34      11.54       0.53      2575        42    0    1  1  1      12.12       1.22      2474       102    c    1342207825     KPGT_esturm_1
82   NGC2388a              0  0  2  2    07h28m53.46s    +33d49m07.3s    0.20     164.08       1.00     17202        85    0    1  1  1     214.53       1.86     16906       154    c    1342229716      OT1_larmus_1
83   NGC2388b              0  0  2  2    07h29m04.64s    +33d51m38.3s    0.06      46.13       0.59      1725        51    0    1  1  1     155.23       1.97      4250       170    c    1342229812      OT1_larmus_1
84   MCG+02-20-003         0  0  2  2    07h35m43.45s    +11d42m34.7s    0.26      86.07       0.48      7977        40    0    1  1  1     117.11       1.35      9784       114    c    1342230946      OT1_larmus_1
85   IRAS08355-4944        0  0  2  2    08h37m01.86s    -49d54m29.6s    0.24     130.73       0.55      5799        48    0    1  1  1     154.49       1.81      6650       156    c    1342225823      OT1_larmus_1
86   NGC2623               0  0  2  2    08h38m24.20s    +25d45m17.1s    0.15      63.36       1.09     16575        88    0    1  1  1      68.72       1.87     16851       151    c    1342208904   KPOT_pvanderw_1
87   ESO432-IG006b         0  0  2  2    08h44m27.08s    -31d41m51.7s    0.27      68.96       0.37      4368        30    0    1  1  1      79.34       0.81      4822        67    b    1342230964      OT1_larmus_1
88   ESO432-IG006a         0  0  2  2    08h44m28.79s    -31d41m31.7s    0.31      25.45       0.70      2417        51    0    1  1  1      25.45       0.70      2417        51    a    1342230962      OT1_larmus_1
89   ESO60-IG016           0  0  2  2    08h52m32.14s    -69d01m55.3s    1.01      41.22       0.67      2261        63    0    1  1  1      53.63       1.52      3224       132    c    1342228521    OT1_dweedman_1
90   IRASF08572+3915       0  0  2  2    09h00m25.45s    +39d03m54.1s    0.21      10.47       0.50      1292        41    0    1  1  1      12.60       1.36      1409       109    c    1342208952     KPGT_esturm_1
91   IRAS09022-3615        0  0  2  2    09h04m12.76s    -36d27m01.6s    0.15      83.45       1.25      5132        81    0    1  1  1      93.49       1.68      5360       113    c    1342209403     KPGT_esturm_1
93   UGC04881b             0  0  1  0    09h15m54.28s    +44d19m49.8s    1.25      19.56       0.51      1222        40    0    0  0  1      19.56       0.51      1222        40    a    1342230935      OT1_larmus_1
94   UGC04881a             0  0  2  2    09h15m55.69s    +44d19m57.3s    0.04      21.67       0.48      3853        38    0    1  1  1      21.67       0.48      3853        38    a    1342230935      OT1_larmus_1
95   UGC05101              0  0  2  2    09h35m51.74s    +61d21m10.8s    0.39      62.89       1.13     12716        70    0    1  1  1      71.25       3.91     14541       260    c    1342208949     KPGT_esturm_1
96   MCG+08-18-013         0  0  2  2    09h36m37.14s    +48d28m28.4s    0.11      56.33       0.70      5007        55    0    1  1  1      67.88       1.52      5025       123    c    1342232274      OT1_larmus_1
97   IC0563                0  0  2  2    09h46m20.26s    +03d02m45.1s    0.18      59.01       0.45      2764        37    0    1  1  1     136.88       1.31      5151        94    c    1342231716      OT1_larmus_1
98   IRASF09437+0317       0  0  2  2    09h46m21.07s    +03d04m17.1s    0.09      48.60       0.55      3323        46    0    1  1  1     135.40       2.12      7891       163    c    1342231731      OT1_larmus_1
99   NGC3110a              0  0  2  2    10h04m02.15s    -06d28m32.0s    0.17     160.80       0.45      9332        35    0    1  1  1     451.52       2.49     19039       193    c    1342231725      OT1_larmus_1
100  IC2545                0  0  2  2    10h06m04.65s    -33d53m10.5s    4.26      27.15       0.59      2712        58    0    1  1  1      45.03       1.10      4505       112    c    1342235705    OT1_dweedman_1
101  IRASF10173+0828       0  0  2  2    10h20m00.18s    +08d13m33.7s    1.07       3.14       0.35      2722        30    0    1  1  1       3.61       1.18      2763        93    c    1342231729      OT1_larmus_1
102  NGC3221               0  0  3  0    10h22m19.81s    +21d34m06.0s    5.04      45.60       0.62      2832        49    0    0  0  1     298.68       1.30     16892       105    c    1342233703      OT1_larmus_1
103  NGC3256               0  0  2  2    10h27m51.40s    -43d54m15.2s    0.43     583.76       1.77     43898       161    0    1  1  1    1537.24       2.26     91532       216    c    1342210384     KPGT_esturm_1
104  ESO264-G036           0  0  2  2    10h43m07.67s    -46d12m45.7s    0.20      68.75       0.75      6883        59    0    1  1  1     188.10       1.28     13346        87    c    1342225718      OT1_larmus_1
105  ESO264-G057           0  0  2  2    10h59m01.96s    -43d26m26.5s    0.19      66.67       0.59      5925        50    0    1  1  1     193.61       1.43     10988       123    c    1342225716      OT1_larmus_1
106  IRASF10565+2448       0  0  2  2    10h59m18.21s    +24d32m33.3s    0.33      73.84       0.93     10795        79    0    1  1  1      78.13       2.48     10068       202    c    1342207788     KPGT_esturm_1
107  MCG+07-23-019         0  0  2  2    11h03m53.96s    +40d51m01.0s    0.07      67.32       0.54      5836        41    0    1  1  1      87.53       1.61      7054       122    c    1342233712      OT1_larmus_1
108  CGCG011-076           0  0  2  2    11h21m12.25s    -02d59m01.1s    0.14      69.51       0.76      6486        57    0    1  1  1      85.87       2.00      7868       149    c    1342223770      OT1_larmus_1
109  IC2810a               0  0  2  2    11h25m44.99s    +14d40m35.9s    0.11      32.17       0.49      4894        38    0    1  1  1      44.12       1.56      5595       115    c    1342223753      OT1_larmus_1
110  IC2810b               0  0  2  2    11h25m49.47s    +14d40m06.1s    0.20      19.62       0.61      2826        47    0    1  1  1      19.62       0.61      2826        47    a    1342223755      OT1_larmus_1
111  ESO319-G022           0  0  2  2    11h27m54.04s    -41d36m51.7s    1.15      21.98       0.52      5862        51    0    1  1  1      50.01       1.24      7081       123    c    1342235704    OT1_dweedman_1
112  NGC3690W              0  0  3  2    11h28m30.58s    +58d33m44.7s    1.05     261.91       1.18     10391       104    0    1  1  1     261.91       1.18     10391       104    a    1342199419     KPGT_esturm_1
113  NGC3690E              0  0  1  1    11h28m33.05s    +58d33m47.7s    1.39     175.38       1.37     12522       130    0    0  0  1     175.38       1.37     12522       130    a    1342199419     KPGT_esturm_1
114  ESO320-G030           0  0  2  2    11h53m11.63s    -39d07m50.5s    0.12     167.24       1.52     26600       138    0    1  1  1     257.94       1.94     31704       177    c    1342212227   KPOT_pvanderw_1
115  ESO440-IG058a         0  0  2  2    12h06m51.95s    -31d56m58.5s    0.13     117.10       0.55      7277        41    0    1  1  1     164.39       1.77      9565       129    c    1342225714      OT1_larmus_1
116  IRASF12112+0305       0  0  2  2    12h13m45.85s    +02d48m39.4s    0.18      26.60       1.09      3591        80    0    1  1  1      36.63       3.07      4381       220    c    1342210832     KPGT_esturm_1
117  ESO267-G030b          0  0  2  2    12h13m52.31s    -47d16m26.3s    0.11      65.92       0.63      4188        54    0    1  1  1     128.03       1.60      6212       134    c    1342225793      OT1_larmus_1
118  NGC4194               0  0  2  2    12h14m09.69s    +54d31m35.6s    0.13     232.98       1.48     11500       125    0    1  1  1     329.49       2.43     15071       205    c    1342233265      OT1_larmus_1
119  ESO267-G030a          0  0  2  2    12h14m12.91s    -47d13m43.3s    0.50     146.96       0.45      6298        34    0    1  1  1     208.38       1.82      9744       142    c    1342225812      OT1_larmus_1
120  IRAS12116-5615        0  0  2  2    12h14m22.21s    -56d32m33.9s    0.39      81.60       0.71      8799        62    0    1  1  1      83.65       1.26      7934       109    c    1342226873      OT1_larmus_1
121  IRASF12224-0624       0  0  2  2    12h25m03.94s    -06d40m52.5s    0.26       3.58       0.69      5035        56    0    1  1  1       3.58       0.69      5035        56    a    1342234057      OT1_larmus_1
122  NGC4418               0  0  2  2    12h26m54.57s    -00d52m37.7s    2.17      14.79       0.79     14921        73    0    1  1  1      17.05       1.75     19689       176    c    1342210830     KPGT_esturm_1
123  Mrk231                0  0  2  2    12h56m14.24s    +56d52m25.0s    1.53      44.47       0.99     14865        88    0    1  1  1      53.75       2.41     15138       204    c    1342186811      SDP_esturm_3
124  NGC4922               0  0  2  2    13h01m25.32s    +29d18m51.0s    0.15      38.42       0.83      5441        70    0    1  1  1      42.55       1.81      5507       154    c    1342223759      OT1_larmus_1
125  CGCG043-099           0  0  2  2    13h01m50.28s    +04d20m00.8s    0.19      48.59       0.73      5661        51    0    1  1  1      54.67       1.14      5855        80    c    1342225721      OT1_larmus_1
126  MCG-02-33-098a        0  0  2  2    13h02m19.81s    -15d46m02.5s    0.13      58.42       0.54      3499        46    1    1  1  1      58.42       0.54      3499        46    a    1342225747      OT1_larmus_1
127  MCG-02-33-098b        0  0  1  1    13h02m20.53s    -15d46m02.8s    0.62      32.34       0.48      1214        43    1    1  1  1      32.34       0.48      1214        43    a    1342225747      OT1_larmus_1
128  ESO507-G070           0  0  2  2    13h02m52.30s    -23d55m17.4s    0.51      89.58       0.79      9840        63    0    1  1  1      96.86       2.69      9608       200    c    1342225742    OT1_dweedman_1
129  IRAS13052-5711        0  0  2  2    13h08m18.47s    -57d27m30.1s    0.23      59.97       0.58      6702        41    0    1  1  1      84.88       1.59      9329       106    c    1342226187      OT1_larmus_1
130  IC0860                0  0  2  2    13h15m03.50s    +24d37m08.1s    0.10      11.63       0.72     11436        60    0    1  1  1      15.09       1.12     10124        80    c    1342234990      OT1_larmus_1
131  IRAS13120-5453        0  0  2  2    13h15m06.30s    -55d09m22.2s    0.12     136.24       1.01     33123        78    0    1  1  1     154.52       2.68     34443       208    c    1342214629     KPGT_esturm_1
132  VV250b                0  0  2  2    13h15m30.72s    +62d07m45.6s    0.10      35.21       0.37      1568        25    0    1  1  1      36.50       1.04      1786        69    b    1342232597      OT1_larmus_1
133  VV250a                0  0  2  2    13h15m34.89s    +62d07m28.4s    0.15      80.60       0.67      4425        51    0    1  1  1      80.60       0.67      4425        51    a    1342232595      OT1_larmus_1
134  UGC08387              0  0  2  2    13h20m35.33s    +34d08m23.2s    0.21     153.72       0.60     16875        50    0    1  1  1     172.03       2.01     17816       163    c    1342197801   KPOT_pvanderw_1
135  NGC5104               0  0  2  2    13h21m23.12s    +00d20m33.8s    0.24      96.80       0.78      9970        50    0    1  1  1     128.49       1.69     11300       110    c    1342225750      OT1_larmus_1
136  MCG-03-34-064         0  0  2  2    13h22m24.44s    -16d43m42.2s    0.43      16.41       0.88      2439        68    0    1  1  1      21.10       1.45      3445       114    c    1342225746    OT1_dweedman_1
137  NGC5135               0  0  2  2    13h25m43.96s    -29d50m00.5s    0.11     164.00       0.64     20483        64    0    1  1  1     225.47       1.54     26994       155    c    1342190371   KPOT_pvanderw_1
138  ESO173-G015           0  0  2  2    13h27m23.86s    -57d29m22.1s    0.17     254.00       0.60     41363        54    0    1  1  1     693.14       1.61     70811       138    c    1342190368   KPOT_pvanderw_1
139  IC4280                0  0  2  2    13h32m53.35s    -24d12m25.3s    0.09      96.75       0.58      5785        50    0    1  1  1     263.55       1.11     12808        92    c    1342237579      OT1_larmus_1
140  NGC5256               0  0  2  2    13h38m17.37s    +48d16m35.0s    0.07     105.12       0.61      5071        43    0    1  1  1     150.17       2.21      7014       153    c    1342231735      OT1_larmus_1
141  NGC5257a              0  0  2  2    13h39m52.74s    +00d50m19.1s    0.41      70.46       0.55      2797        47    0    1  1  1     228.01       1.73      8698       124    c    1342225569      OT1_larmus_1
142  NGC5257b              0  0  2  3    13h39m57.11s    +00d49m42.8s    0.37      63.87       0.52      3496        45    0    1  1  1     191.15       2.13      9868       152    c    1342225571      OT1_larmus_1
143  Mrk273                0  0  2  2    13h44m42.29s    +55d53m12.7s    0.04      75.58       0.83     10258        52    0    1  1  1      88.75       2.82     10459       176    c    1342207802     KPGT_esturm_1
144  UGC08739              0  0  1  1    13h49m13.52s    +35d15m24.5s    0.53      47.01       0.64      4997        50    0    0  0  1     224.15       1.76     15125       120    c    1342233263      OT1_larmus_1
145  ESO221-IG010          0  0  2  2    13h50m56.94s    -49d03m19.9s    0.20     127.24       0.43      6192        37    0    1  1  1     456.24       1.51     16411       134    c    1342238373      OT1_larmus_1
146  NGC5331a              0  0  2  2    13h52m16.25s    +02d06m05.0s    0.25      75.75       0.99      6474        65    0    1  1  1      75.75       0.99      6474        65    a    1342224240      OT1_larmus_1
147  NGC5331b              0  0  2  2    13h52m16.48s    +02d06m30.2s    0.03      29.20       0.60      1717        43    0    1  1  1      29.20       0.60      1717        43    a    1342225723      OT1_larmus_1
148  NGC5394               0  0  2  2    13h58m33.66s    +37d27m14.7s    0.24      81.26       0.56      6207        50    0    1  1  1     108.05       1.26      7404       113    c    1342222240      OT1_larmus_1
149  CGCG247-020           0  0  2  2    14h19m43.31s    +49d14m12.0s    1.34      34.27       0.65      5435        64    0    1  1  1      34.27       0.65      5435        64    a    1342232331    OT1_dweedman_1
150  NGC5653               0  0  2  2    14h30m09.90s    +31d12m56.5s    0.18     146.26       0.61      6792        53    0    1  1  1     414.99       1.66     20069       139    c    1342238163      OT1_larmus_1
151  IRASF14348-1447       0  0  2  2    14h37m38.37s    -15d00m22.6s    0.25      27.81       0.45      3869        35    0    1  1  1      32.80       1.32      4157       104    c    1342224242     KPGT_esturm_1
152  IRASF14378-3651       0  0  2  2    14h40m59.03s    -37d04m32.6s    1.01      11.73       0.38      2973        36    0    1  1  1      16.29       1.55      2314       123    c    1342204338     KPGT_esturm_1
153  NGC5734a              0  0  2  2    14h45m08.97s    -20d52m13.1s    0.02     132.88       0.49      8487        36    0    1  1  1     302.18       2.05     16182       151    c    1342238131      OT1_larmus_1
154  NGC5734b              0  0  2  2    14h45m10.91s    -20d54m48.7s    0.15      91.12       0.46      3400        39    0    1  1  1     247.23       1.92      6552       146    c    1342238129      OT1_larmus_1
155  VV340b                0  0  2  2    14h57m00.31s    +24d36m25.1s    0.16      24.95       0.32       938        31    0    0  1  0      62.81       1.52      2383       139    c    1342236986      OT1_larmus_1
156  VV340a                0  0  2  2    14h57m00.73s    +24d37m09.2s    0.12      93.66       0.66      6624        50    0    1  1  1     169.55       3.38     12580       269    c    1342234963      OT1_larmus_1
157  IC4518ABa             0  0  2  2    14h57m41.16s    -43d07m55.7s    0.07      73.53       0.74      3658        61    0    1  1  1     108.12       1.26      4713       103    c    1342239742      OT1_larmus_1
158  CGCG049-057           0  0  2  2    15h13m12.88s    +07d13m29.3s    0.19      35.53       0.77     18027        72    0    1  1  1      44.94       1.86     23042       175    c    1342190374   KPOT_pvanderw_1
159  VV705                 0  0  2  2    15h18m06.20s    +42d44m43.7s    0.09      66.91       0.59      4823        53    0    1  1  1      76.37       1.04      5358        92    c    1342223161      OT1_larmus_1
160  ESO099-G004           0  0  2  2    15h24m57.96s    -63d07m30.2s    0.22     117.09       0.80      8157        62    0    1  1  1     165.03       1.67      9935       121    c    1342238352      OT1_larmus_1
161  IRASF15250+3609       0  0  2  2    15h26m59.49s    +35d58m37.2s    0.25      12.87       0.57      2139        49    0    1  1  1      14.65       1.49      1951       125    c    1342213752     KPGT_esturm_1
162  NGC5936               0  0  2  2    15h30m00.79s    +12d59m22.1s    0.01     104.48       0.71      7504        66    0    1  1  1     304.26       1.34     14647       124    c    1342238153      OT1_larmus_1
163  Arp220                0  0  2  2    15h34m57.32s    +23d30m11.9s    3.30     111.49       6.87     70752       192    0    1  1  1     137.44       6.10     78691       190    c    1342191306     KPGT_esturm_1
164  NGC5990               0  0  2  2    15h46m16.42s    +02d24m55.1s    0.13     118.94       0.95      8298        78    0    1  1  1     264.10       1.81     15759       140    c    1342238136      OT1_larmus_1
165  NGC6052               0  0  2  2    16h05m12.92s    +20d32m36.3s    0.23      92.91       0.57      3330        52    0    1  1  1     236.78       0.92      8233        82    c    1342237487      OT1_larmus_1
166  NGC6090               0  0  2  2    16h11m40.83s    +52d27m25.0s    0.27     118.63       0.83      5437        72    0    1  1  1     143.31       1.61      6381       139    c    1342227214      OT1_larmus_1
167  IRASF16164-0746       0  0  2  2    16h19m11.83s    -07d54m02.5s    0.77      79.94       0.94      8859        89    0    1  1  1      79.94       0.94      8859        89    a    1342227799    OT1_dweedman_1
168  CGCG052-037           0  0  2  2    16h30m56.53s    +04d04m59.1s    1.24      93.69       0.49      7626        45    0    1  1  1     114.93       1.95      9078       179    c    1342238909    OT1_dweedman_1
169  NGC6156               0  0  2  2    16h34m52.51s    -60d37m07.9s    0.47      62.61       0.43      5881        36    0    1  0  0     527.77       1.27     21288       113    c    1342238731      OT1_larmus_1
170  ESO069-IG006          0  0  2  2    16h38m11.89s    -68d26m07.8s    1.72     122.35       1.18      8309        86    0    1  1  1     136.93       3.20      8878       223    c    1342231301    OT1_dweedman_1
171  IRASF16399-0937       0  0  2  2    16h42m40.24s    -09d43m13.8s    1.55      93.92       4.54      5094       384    0    1  1  1     159.22      11.98      4398      1023    c    1342240777    OT1_dweedman_1
172  ESO453-G005           0  0  2  2    16h47m31.12s    -29d21m21.5s    0.06      38.13       0.94      9338        84    0    1  1  1      71.41       1.28      9994       116    c    1342250583      OT1_larmus_1
173  NGC6240               0  0  2  2    16h52m59.01s    +02d24m04.1s    0.22     373.67       2.02     16625       120    0    1  1  1     487.24       5.80     19231       357    c    1342216623     KPGT_esturm_1
174  IRASF16516-0948       0  0  2  2    16h54m23.85s    -09d53m21.3s    1.04     106.31       0.56      4061        47    0    1  1  1     205.56       1.85      7615       147    c    1342239382      OT1_larmus_1
175  NGC6286b              0  0  2  2    16h58m24.04s    +58d57m20.0s    0.20      54.82       0.59      2166        44    0    1  1  1      68.33       1.88      2992       141    c    1342230134      OT1_larmus_1
176  NGC6286a              0  0  2  2    16h58m31.60s    +58d56m11.5s    0.04     154.50       1.17     11786        89    0    1  1  1     296.82       1.32     19832        85    c    1342230132      OT1_larmus_1
177  IRASF17132+5313       0  0  2  2    17h14m19.89s    +53d10m32.0s    3.37      34.91       0.69      2784        54    0    1  1  1      65.58       2.93      4315       223    c    1342223740    OT1_dweedman_1
178  IRASF17138-1017       0  0  2  2    17h16m35.87s    -10d20m42.1s    0.38     202.47       0.69     12599        57    0    1  1  1     234.92       1.37     15467       112    c    1342243510      OT1_larmus_1
179  IRASF17207-0014       0  0  2  2    17h23m21.94s    -00d17m01.1s    0.04      91.83       1.58     21114       100    0    1  1  1     100.40       2.97     20427       191    c    1342229693     KPGT_esturm_1
180  ESO138-G027           0  0  2  2    17h26m43.34s    -59d55m55.1s    0.75      88.76       0.52      5565        54    0    1  1  1     176.21       1.87      6744       196    c    1342240168    OT1_dweedman_1
181  UGC11041              0  0  2  2    17h54m51.83s    +34d46m34.4s    0.09     135.15       0.54      7611        41    0    1  1  1     226.91       1.65     10999       131    c    1342229809      OT1_larmus_1
182  CGCG141-034           0  0  2  2    17h56m56.66s    +24d01m01.2s    1.36      58.77       0.46      7105        37    0    1  1  1      67.24       2.45      7593       207    c    1342231759    OT1_dweedman_1
183  IRAS17578-0400        0  0  2  2    18h00m31.84s    -04d00m53.1s    0.31     121.05       0.78     22041        65    0    1  1  1     161.71       1.73     22239       142    c    1342239716      OT1_larmus_1
184  IRAS18090+0130b       0  0  2  2    18h11m33.39s    +01d31m41.4s    0.07      16.71       0.38      2087        29    0    1  1  1      22.37       1.85      1897       147    c    1342229821      OT1_larmus_1
185  IRAS18090+0130a       0  0  2  2    18h11m38.42s    +01d31m39.6s    0.21     113.12       0.40      7103        29    0    1  1  1     157.51       2.05      7688       149    c    1342243548      OT1_larmus_1
186  NGC6621               0  0  2  2    18h12m55.35s    +68d21m47.1s    0.06      92.81       0.69      7767        50    0    1  1  1     120.80       1.59      9755       111    c    1342225996      OT1_larmus_1
187  IC4687b               0  0  2  2    18h13m38.73s    -57d43m57.2s    0.09      31.62       0.52      1116        46    0    1  1  1      31.62       0.52      1116        46    a    1342239710      OT1_larmus_1
188  IC4687a               0  0  2  2    18h13m39.51s    -57d43m30.7s    0.10     270.36       0.84      9805        67    0    1  1  1     270.36       0.84      9805        67    a    1342239739      OT1_larmus_1
189  IC4687c               0  0  2  2    18h13m40.30s    -57d44m54.1s    0.08      84.14       0.66      5010        55    0    1  1  1     107.10       1.59      4976       129    c    1342239737      OT1_larmus_1
190  CGCG142-034b          0  0  2  2    18h16m33.81s    +22d06m38.9s    1.75      25.53       0.64      2308        46    0    1  1  1      32.44       2.32      2519       166    c    1342230139      OT1_larmus_1
191  CGCG142-034a          0  0  2  2    18h16m40.59s    +22d06m44.8s    0.07      71.52       0.46      6417        32    0    1  1  1     102.44       2.27     10272       158    c    1342230141      OT1_larmus_1
192  IRASF18293-3413       0  0  2  2    18h32m41.08s    -34d11m27.3s    0.15     483.84       1.30     41295       101    0    1  1  1     640.22       2.64     48349       216    c    1342192112   KPOT_pvanderw_1
193  NGC6670Ab             0  0  2  2    18h33m34.01s    +59d53m18.2s    0.04      86.29       0.74      4919        53    0    1  1  1     128.60       1.23      6833        84    b    1342233700      OT1_larmus_1
194  NGC6670Aa             0  0  2  2    18h33m37.72s    +59d53m23.4s    0.28      54.70       0.41      2844        35    0    1  1  1      77.78       0.70      3545        59    b    1342233698      OT1_larmus_1
195  IC4734                0  0  2  2    18h38m25.78s    -57d29m25.8s    2.43      76.47       0.61     13855        58    0    1  1  1     160.72       1.85     19538       156    c    1342241710    OT1_dweedman_1
196  NGC6701               0  0  2  2    18h43m12.56s    +60d39m10.1s    0.07      70.52       0.72      7186        64    0    1  1  1     230.30       1.70     15749       155    c    1342235677      OT1_larmus_1
197  NGC6786b              0  0  2  2    19h10m53.79s    +73d24m36.7s    0.15      56.49       0.41      3518        33    0    1  1  1     109.65       2.08      5913       178    c    1342231709      OT1_larmus_1
198  NGC6786a              0  0  2  2    19h11m04.33s    +73d25m33.1s    0.11      38.87       0.41      2601        34    0    1  1  1      57.07       1.41      2842       125    c    1342231707      OT1_larmus_1
199  ESO593-IG008          0  0  2  2    19h14m31.12s    -21d19m06.2s    0.73      96.64       0.91      5395        77    0    1  1  1     135.70       3.24      7060       255    c    1342231749    OT1_dweedman_1
200  IRASF19297-0406       0  0  2  2    19h32m22.18s    -04d00m00.8s    0.16      26.90       1.06      4531        73    0    1  1  1      32.44       2.72      4593       190    c    1342208891     KPGT_esturm_1
201  IRAS19542+1110        0  0  1  2    19h56m36.17s    +11d19m03.1s    0.17       5.51       0.34      1874        30    0    1  0  0       7.72       0.68      2608        61    b    1342208916     KPGT_esturm_1
202  ESO339-G011           0  0  2  2    19h57m37.51s    -37d56m07.2s    1.67      76.88       0.74      5004        58    0    1  1  1     172.52       1.73      8689       134    c    1342232296    OT1_dweedman_1
203  NGC6907a              1  0  2  2    20h25m06.62s    -24d48m33.0s    0.36     104.18       0.75      8628        58    0    1  1  1     314.32       1.55     18557       124    c    1342217702      OT1_larmus_1
204  MCG+04-48-002a        0  0  2  2    20h28m34.96s    +25d44m00.6s    0.21     219.97       1.06      8955        79    0    1  1  1     333.39       1.58      9938       111    c    1342232579      OT1_larmus_1
205  NGC6926a              0  0  2  2    20h33m06.12s    -02d01m38.2s    0.14      33.50       0.81      2097        58    0    1  0  0     200.09       1.55      9012       108    c    1342217654      OT1_larmus_1
206  IRAS20351+2521        0  0  2  2    20h37m17.70s    +25d31m38.5s    0.06      70.26       0.52      4965        43    0    1  1  1     154.12       1.47      7673       123    c    1342232581      OT1_larmus_1
207  CGCG448-020a          0  0  2  2    20h57m24.23s    +17d07m36.8s    0.35      92.36       0.82      5143        66    0    1  1  1     153.53       1.81      7399       148    c    1342218619      OT1_larmus_1
208  ESO286-IG019          0  0  2  2    20h58m26.81s    -42d38m60.0s    1.02      49.02       0.51      5716        46    0    1  1  1      57.93       1.04      5233        89    c    1342208934     KPGT_esturm_1
209  ESO286-G035           0  0  2  2    21h04m11.09s    -43d35m34.9s    2.35     147.85       0.67      7881        59    0    1  1  1     185.68       1.84      8932       163    c    1342232563    OT1_dweedman_1
210  IRAS21101+5810        0  0  2  2    21h11m29.62s    +58d23m09.0s    0.50      31.95       0.64      4054        55    0    1  1  1      45.52       1.26      5293       106    c    1342221628      OT1_larmus_1
211  ESO343-IG013b         0  0  1  1    21h36m10.42s    -38d32m41.8s    1.09      57.63       0.62      3179        46    1    1  1  1      57.63       0.62      3179        46    a    1342217815      OT1_larmus_1
212  ESO343-IG013a         0  0  2  2    21h36m10.89s    -38d32m33.0s    0.62      33.15       0.52      2313        41    1    1  1  1      33.15       0.52      2313        41    a    1342217815      OT1_larmus_1
213  NGC7130               0  0  2  2    21h48m19.38s    -34d57m05.3s    0.22      90.77       0.72     14858        83    0    1  1  1     237.74       0.95     21733       111    c    1342218187    GT1_lspinogl_4
214  ESO467-G027           0  0  2  2    22h14m39.88s    -27d27m50.7s    0.07      86.57       0.52      4016        42    0    1  1  1     274.02       1.10     11009        82    c    1342231750      OT1_larmus_1
215  IC5179                0  0  2  2    22h16m09.13s    -36d50m36.6s    0.24     211.76       0.82     11349        65    0    1  1  1     722.85       1.39     29949       109    c    1342232570      OT1_larmus_1
216  ESO602-G025           0  0  2  2    22h31m25.44s    -19d02m04.3s    0.68      90.85       1.05      5871        87    0    1  1  1     135.48       2.40      9248       203    c    1342233481    OT1_dweedman_1
217  UGC12150              0  0  2  2    22h41m12.27s    +34d14m56.5s    1.03      79.94       1.09      9780        85    0    1  1  1      95.97       2.96     12197       244    c    1342223714    OT1_dweedman_1
218  ESO239-IG002          0  0  2  2    22h49m39.91s    -48d50m58.3s    1.51      18.82       0.62      4381        51    0    1  1  1      22.78       2.79      4891       231    c    1342232568    OT1_dweedman_1
219  IRASF22491-1808       0  0  2  2    22h51m49.28s    -17d52m23.0s    0.17      17.09       0.43      1974        40    0    1  1  1      17.09       0.43      1974        40    a    1342211825     KPGT_esturm_1
220  NGC7469               0  0  2  2    23h03m15.67s    +08d52m27.1s    0.54     200.43       0.88     19725        82    0    1  1  1     286.81       1.70     26060       155    c    1342211171     KPGT_esturm_1
221  CGCG453-062           0  0  2  2    23h04m56.46s    +19d33m07.5s    2.31      64.80       0.48      6095        45    0    1  1  1     106.99       2.43      8597       219    c    1342235676    OT1_dweedman_1
222  ESO148-IG002          0  0  2  2    23h15m46.50s    -59d03m15.0s    0.13      70.94       0.65      4239        54    0    1  1  1      94.85       1.85      4942       156    c    1342210395     KPGT_esturm_1
223  IC5298                0  0  2  2    23h16m00.65s    +25d33m23.8s    0.09      48.87       0.72      7727        57    0    1  1  1      59.06       1.20      7755       100    c    1342237590      OT1_larmus_1
224  NGC7552               0  0  2  2    23h16m10.70s    -42d35m05.6s    0.56     428.29       1.11     51218       108    0    1  1  1     729.03       2.04     72500       198    c    1342210399     KPGT_esturm_1
225  NGC7591               0  0  2  2    23h18m16.24s    +06d35m08.9s    0.13      54.56       0.62      7552        45    0    1  1  1     131.61       1.47     11820       115    c    1342235751      OT1_larmus_1
226  NGC7592a              0  0  2  2    23h18m22.06s    -04d24m57.2s    0.14      65.44       0.66      2721        53    1    1  1  1      65.44       0.66      2721        53    a    1342234259      OT1_larmus_1
227  NGC7592b              0  0  1  2    23h18m22.75s    -04d24m57.6s    0.61      94.58       0.55      3796        46    1    1  1  1      94.58       0.55      3796        46    a    1342234259      OT1_larmus_1
228  ESO077-IG014a         0  0  2  2    23h21m03.77s    -69d12m58.2s    0.16      18.70       0.58      1223        44    1    1  1  1      18.70       0.58      1223        44    a    1342232564      OT1_larmus_1
229  ESO077-IG014b         0  0  2  2    23h21m05.36s    -69d12m48.3s    0.02      24.10       0.59      5027        41    1    1  1  1      24.10       0.59      5027        41    a    1342232566      OT1_larmus_1
230  NGC7674               0  0  2  2    23h27m56.68s    +08d46m43.7s    0.09      45.24       0.36      2940        30    0    1  1  1     143.30       2.08      6476       184    c    1342234264      OT1_larmus_1
231  NGC7679a              0  0  2  2    23h28m46.62s    +03d30m42.3s    0.19     153.03       0.56      4811        50    0    1  1  1     243.19       1.61      7042       139    c    1342235842      OT1_larmus_1
232  IRASF23365+3604       0  0  2  2    23h39m01.29s    +36d21m08.7s    0.18      18.31       0.44      4377        42    0    1  1  1      20.34       1.92      3877       170    c    1342212515     KPGT_esturm_1
233  MCG-01-60-022         0  0  2  2    23h42m00.88s    -03d36m53.9s    1.46      92.10       0.65      3989        54    0    1  1  1     160.18       1.61      6558       133    c    1342235844    OT1_dweedman_1
234  IRAS23436+5257        0  0  2  2    23h46m05.50s    +53d13m59.8s    0.53      24.44       0.58      3471        48    0    1  1  1      37.01       1.61      4410       127    c    1342236288      OT1_larmus_1
235  NGC7752b              0  0  2  2    23h46m58.50s    +29d27m32.1s    0.20      84.09       0.55      2744        48    0    1  1  1     128.77       1.31      4337       111    c    1342237595      OT1_larmus_1
236  NGC7752a              0  1  3  3    23h47m04.69s    +29d29m04.8s    4.57       8.89       0.46      1392        39    0    1  0  0      74.79       1.51      5260       126    c    1342237593      OT1_larmus_1
237  NGC7771c              0  0  2  2    23h51m03.88s    +20d09m00.7s    0.19      31.47       0.80      2024        62    0    1  0  0     227.27       1.27     10248       105    c    1342238169      OT1_larmus_1
239  NGC7771a              0  0  2  2    23h51m24.76s    +20d06m42.1s    0.24     170.96       1.35     24603        95    0    1  1  1     315.90       2.63     34717       192    c    1342197839   KPOT_pvanderw_1
240  Mrk331                0  0  2  2    23h51m26.71s    +20d35m10.3s    0.16     187.34       0.84     16203        72    0    1  1  1     207.63       1.37     16274       113    c    1342197840   KPOT_pvanderw_1