0           1.297       0.051       2.048       0.081
1           3.184       0.079      79.180      10.819
2           4.691       0.087       9.730       0.286
3           1.893       0.094       7.641       0.449
4           2.999       0.301      10.697       1.111
5           0.432       0.051         NaN         NaN
6           3.070       0.058      10.264       0.228
7           1.698       0.039      24.822       1.892
8           5.380       0.090       7.663       0.147
9           4.157       0.105       3.390       0.101
10          2.502       0.065      19.668       1.325
11          4.878       0.124      20.068       1.269
12          1.447       0.045       5.483       0.192
13          0.686       0.106       1.885       0.293
14          0.515       0.077       8.864       1.552
15          6.791       0.262      60.976      19.550
16          4.055       0.028      87.240      20.536
17          4.960       0.117       0.695       0.017
18          1.220       0.059      10.646       0.751
19          0.518       0.054       0.657       0.069
20          1.139       0.067       1.849       0.109
21          1.112       0.063      12.859       0.836
22          2.179       0.053       1.233       0.030
23          2.528       0.150       0.513       0.031
24          0.132       0.042         NaN         NaN
25          0.637       0.026       0.034       0.001
26          1.036       0.090       0.711       0.064
27          3.164       0.226       4.277       0.322
28          1.411       0.045       8.055       0.317
29          0.752       0.043       0.019       0.001
30          1.144       0.040       0.902       0.032
31          2.469       0.004         NaN         NaN
32          2.348       0.084       2.122       0.077
33          1.837       0.025      68.887      23.427
34          4.892       0.173       8.591       0.374
35          2.598       0.087       8.318       0.365
36          0.917       0.083      13.327       1.600
37          2.318       0.080      15.751       1.061
38          0.890       0.021         NaN         NaN
39          3.334       0.089      14.261       1.230
40          0.563       0.091       0.147       0.024
41          1.428       0.061       1.011       0.044
42          2.386       0.129       0.385       0.021
43          1.633       0.085       0.594       0.031
44          1.300       0.005      12.014       0.236
47          2.038       0.078       8.549       0.395
48          1.437       0.058       6.917       0.340
49          4.676       0.050      30.251       0.799
50          2.387       0.134       0.558       0.031
51          7.650       0.088      86.126      44.448
52          1.270       0.047      23.878       2.616
53          1.026       0.026       9.478       0.367
54          0.326       0.019         NaN         NaN
55          1.473       0.015         NaN         NaN
56          1.622       0.036       3.803       0.119
57         10.643       0.171       6.751       0.217
58          2.390       0.071       4.314       0.158
59         14.156       0.263     151.214      41.620
60          2.195       0.027      32.865       6.264
61          3.443       0.137         NaN         NaN
62          3.786       0.058      26.818       1.099
63          0.428       0.176       0.034       0.014
64          2.222       0.056      10.810       0.310
65          1.851       0.040       9.991       0.365
66          4.780       0.118      36.112       5.890
67          0.189       0.042       0.085       0.019
68          0.921       0.147       0.235       0.038
69          1.388       0.012       1.407       0.012
70          6.049       0.055      11.833       0.536
71          0.499       0.049         NaN         NaN
72          0.308       0.028       0.202       0.019
73          1.626       0.072      14.881       1.198
74          2.329       0.075       6.805       0.264
75          1.940       0.038      25.643       2.853
76          1.626       0.045       5.237       0.386
77          2.988       0.147       7.022       0.441
79          1.871       0.325       5.143       0.897
80          1.599       0.016       7.462       0.089
81         22.505       0.235      47.870      10.637
82          2.132       0.236      11.944       1.336
84          1.258       0.025      12.829       0.578
85          4.564       0.138      27.178       1.035
86          4.531       0.037     151.737      25.088
87          0.745       0.029         NaN         NaN
88          0.689       0.023         NaN         NaN
89          6.588       0.144      13.726       1.019
90         11.177       0.375     109.530      58.821
91         23.415       0.700      42.175       3.805
92            NaN         NaN         NaN         NaN
93          1.020       0.046       2.681       0.211
94          3.710       0.057       9.756       0.645
95         10.553       0.057      35.793       2.724
96          2.403       0.070      10.841       0.602
97          0.866       0.079       0.180       0.016
98          0.684       0.097       0.080       0.011
99          2.190       0.055       1.637       0.042
100         6.346       0.122      39.919       4.354
101         8.434       0.052     133.574      87.648
102         0.846       0.046       0.060       0.003
103         4.360       0.020       9.425       0.048
104         1.807       0.237       0.458       0.060
105         1.588       0.086      11.295       0.749
106        13.913       0.063      68.152       8.614
107         5.307       0.184      15.937       1.036
108         2.029       0.091       6.179       0.334
109         3.300       0.087      11.324       0.790
111         1.205       0.043      50.946       9.114
112         1.222       0.007         NaN         NaN
113         2.353       0.008         NaN         NaN
114         1.528       0.014      21.927       0.566
115         2.643       0.046       2.897       0.058
116        21.167       0.293      11.282       0.458
117         1.497       0.094       8.881       0.638
118         1.264       0.015      14.233       0.225
119         2.054       0.139       1.579       0.108
120         5.248       0.061      30.187       1.870
121         2.673       0.032     138.902      88.913
122         1.160       0.007     588.605     231.265
123        31.952       0.273    -341.306         NaN
124         2.446       0.029      44.138       7.153
125         5.005       0.143      25.220       2.874
126         0.870       0.013       8.655       0.411
127         0.297       0.010       2.957       0.169
128         4.293       0.025      65.080       6.840
129         2.386       0.083      20.923       1.469
130         1.443       0.007     254.472      85.726
131        22.328       0.175     174.713      17.100
132         0.828       0.042         NaN         NaN
133         5.586       0.048      68.603      11.830
134         6.318       0.119      42.394       2.237
135         1.960       0.084      10.238       0.531
136         1.416       0.206       5.940       0.875
137         2.206       0.029       9.285       0.152
138         2.541       0.015      45.850       0.964
139         1.407       0.062       0.434       0.019
140         3.173       0.064       5.827       0.181
141         2.658       0.669       0.226       0.057
142         2.520       0.657       0.990       0.258
143        16.281       0.219    -257.863         NaN
144         1.437       0.084       0.551       0.032
145         1.666       0.043       4.062       0.107
146         3.704       0.064       3.288       0.078
147         0.589       0.029         NaN         NaN
148         0.935       0.236       8.805       2.228
149         2.488       0.027      38.905       6.356
151        33.535       0.736       6.435       0.183
152        17.102       0.192     125.878      66.067
153         1.074       0.050       0.711       0.033
154         0.677       0.034         NaN         NaN
155         0.813       0.168         NaN         NaN
156         3.877       0.342       0.944       0.083
158         2.473       0.032     148.144      21.895
160         5.987       0.099       6.370       0.134
161        12.261       0.290      79.004      23.283
162         1.496       0.049       9.152       0.331
163        23.822       0.049     626.504      71.321
164         1.627       0.046       1.804       0.052
165         0.952       0.049       0.269       0.014
166         3.478       0.132       2.343       0.092
167         5.135       0.088      38.288       3.055
168         3.583       0.120       8.179       0.325
169         1.114       0.023       0.473       0.010
170        12.463       0.406       9.782       0.404
171         3.657       0.259       2.991       0.214
172         2.815       0.152      28.141       2.382
173         9.328       0.381      45.374       2.656
174         1.837       0.108       0.578       0.034
175         0.717       0.182       2.227       0.569
176         2.106       0.535       0.920       0.234
177         8.022       0.270       0.862       0.030
178         3.369       0.055       8.294       0.160
179        34.747       0.107     173.849      20.967
180         2.752       0.062       9.875       0.326
181         1.410       0.067       1.148       0.055
182         1.785       0.110      18.204       1.574
183         3.207       0.037      72.684       4.469
184         1.156       0.021       4.353       0.331
185         3.408       0.131       4.240       0.179
186         2.056       0.124       4.246       0.263
188         2.272       0.011       2.288       0.016
190         0.190       0.040       0.886       0.192
191         1.084       0.046       0.726       0.031
192         8.731       0.098      18.528       0.269
193         2.482       0.065         NaN         NaN
194         2.169       0.065         NaN         NaN
195         2.655       0.042      38.341       1.944
196         1.131       0.030       7.377       0.229
197         1.585       0.072       1.346       0.063
198         0.931       0.118       2.157       0.279
199         8.388       0.288       2.310       0.083
200        28.160       0.698      70.381      17.550
201         5.778       0.165      41.630      19.699
202         1.866       0.057       3.086       0.101
203         0.818       0.023       3.311       0.094
204         1.215       0.184       1.576       0.239
205         0.781       0.084       0.013       0.001
206         3.737       0.138       3.096       0.125
207         7.293       0.102       8.948       0.240
208        12.449       0.158      83.538      14.448
209         1.351       0.051       1.917       0.074
210         4.946       0.105      29.564       4.060
211         0.437       0.011       0.123       0.003
212         0.825       0.007       0.232       0.002
213         2.537       0.046      19.246       0.682
214         1.038       0.078       0.152       0.011
215         1.494       0.027       0.981       0.018
216         2.705       0.133       6.498       0.357
217         2.711       0.081      14.474       0.683
218         6.985       0.164      81.207      26.844
219        16.640       0.278      31.771       5.247
220         3.779       0.059      18.129       0.423
221         2.419       0.054       7.345       0.276
222        11.959       0.340       3.482       0.106
223         4.313       0.071      25.386       1.711
224         1.348       0.006         NaN         NaN
225         1.362       0.041      10.613       0.458
226         0.745       0.020       0.098       0.003
227         1.232       0.017       0.162       0.002
228         1.149       0.032       6.135       0.915
229         4.314       0.044      23.029       3.382
230         2.630       0.179       4.541       0.333
231         1.090       0.049       0.947       0.043
232        16.904       0.209      81.090      23.391
233         1.472       0.216       2.038       0.300
234         3.897       0.134       2.996       0.113
235         0.559       0.200       0.404       0.145
236         0.121       0.044       0.640       0.232
237         0.685       0.068         NaN         NaN
238           NaN         NaN         NaN         NaN
239         2.446       0.211       5.226       0.453
240         3.447       0.070      21.769       0.823